state_alpha,year,quarter,added_replaced,inv_max,loss_colonies,loss_pct,renovated,renovated_pct,str_disease,str_other,str_pesticides,str_pests_excl_varroa,str_unknown,str_varroa,loss_pct_constructed
AL,2015,1,2800.0,7000.0,1800.0,26.0,250.0,4.0,0.0,9.1,2.2,5.4,9.4,10.0,25.714285714285715
AL,2015,2,1900.0,7500.0,860.0,12.0,680.0,9.0,0.0,3.2,2.3,42.5,4.1,16.7,11.466666666666669
AL,2015,3,160.0,9000.0,1400.0,16.0,260.0,3.0,0.0,2.2,2.6,70.6,17.7,63.1,15.555555555555555
AL,2015,4,80.0,8000.0,610.0,8.0,60.0,1.0,0.2,2.8,0.2,6.4,1.9,3.1,7.625
AL,2016,1,2100.0,7500.0,1700.0,23.0,90.0,1.0,4.3,2.4,8.1,22.0,11.3,24.2,22.666666666666668
AL,2016,2,1200.0,8000.0,930.0,12.0,690.0,9.0,0.3,4.8,1.7,8.2,5.4,9.6,11.625
AL,2016,3,440.0,8000.0,1200.0,15.0,50.0,1.0,0.0,3.2,3.8,42.0,13.8,11.7,15.0
AL,2016,4,50.0,7000.0,610.0,9.0,10.0,0.0,0.2,6.7,2.4,9.9,3.3,12.3,8.714285714285714
AL,2017,1,570.0,7000.0,1600.0,23.0,740.0,11.0,0.2,6.7,3.2,9.8,9.3,19.9,22.857142857142858
AL,2017,2,1200.0,6500.0,440.0,7.0,500.0,8.0,0.0,9.4,4.2,13.6,5.3,17.9,6.769230769230769
AL,2017,3,690.0,9500.0,900.0,9.0,530.0,6.0,0.0,7.5,35.4,22.1,3.9,69.5,9.473684210526317
AL,2017,4,550.0,7500.0,990.0,13.0,500.0,7.0,8.8,1.7,9.5,10.1,5.2,22.3,13.2
AL,2018,1,1200.0,7500.0,820.0,11.0,1500.0,20.0,1.9,8.6,14.9,30.2,4.5,29.2,10.933333333333334
AL,2018,2,1700.0,8500.0,650.0,8.0,710.0,8.0,1.3,9.4,14.4,27.3,2.1,25.2,7.647058823529412
AL,2018,3,1600.0,8500.0,1700.0,20.0,1300.0,15.0,0.7,7.8,14.6,69.4,6.8,77.5,20.0
AL,2018,4,210.0,6500.0,830.0,13.0,1300.0,20.0,1.3,3.4,1.5,20.5,7.5,20.6,12.76923076923077
AL,2019,1,800.0,5500.0,650.0,12.0,200.0,4.0,1.8,3.1,0.3,22.7,9.0,27.2,11.818181818181818
AL,2019,3,160.0,7000.0,990.0,14.0,330.0,5.0,2.9,9.7,0.2,24.6,6.4,30.6,14.142857142857142
AL,2019,4,240.0,6000.0,660.0,11.0,70.0,1.0,0.6,9.0,4.9,26.7,11.3,46.7,11.0
AL,2020,1,1900.0,7000.0,410.0,6.0,780.0,11.0,0.0,1.7,0.1,3.4,4.3,12.4,5.857142857142857
AL,2020,2,4700.0,8500.0,4100.0,48.0,2600.0,31.0,1.6,7.9,7.7,18.0,9.5,28.5,48.23529411764706
AL,2020,3,1800.0,19000.0,3700.0,19.0,990.0,5.0,0.0,5.4,12.0,29.1,11.7,64.9,19.473684210526315
AL,2020,4,750.0,17000.0,1100.0,6.0,60.0,,15.4,2.3,2.0,43.2,16.9,50.8,6.470588235294118
AL,2021,1,670.0,10000.0,1100.0,11.0,200.0,2.0,0.0,3.1,,30.3,4.0,52.2,11.0
AL,2021,2,3400.0,9500.0,2700.0,28.0,930.0,10.0,0.5,5.8,2.1,35.0,7.4,55.2,28.42105263157895
AL,2021,3,950.0,9500.0,1400.0,15.0,280.0,3.0,0.9,16.3,11.0,25.9,1.9,37.4,14.736842105263158
AL,2021,4,360.0,9000.0,1100.0,12.0,10.0,,3.5,2.5,6.8,44.7,1.4,60.8,12.22222222222222
AL,2022,1,1600.0,11500.0,1100.0,10.0,520.0,5.0,0.0,10.8,3.7,17.0,5.3,36.9,9.565217391304348
AL,2022,2,4600.0,12000.0,1500.0,13.0,1900.0,16.0,1.0,17.9,6.9,14.3,3.7,36.0,12.5
AL,2022,3,870.0,14000.0,1900.0,14.0,2000.0,14.0,0.5,5.5,4.2,25.7,4.0,70.7,13.571428571428571
AL,2022,4,900.0,11000.0,1100.0,10.0,560.0,5.0,0.0,5.6,0.6,9.7,6.7,23.1,10.0
AL,2023,1,2000.0,15500.0,1400.0,9.0,880.0,6.0,0.7,9.9,1.5,18.3,8.3,31.9,9.03225806451613
AL,2023,2,4800.0,16000.0,2100.0,13.0,4200.0,26.0,2.2,4.5,1.0,10.5,9.2,37.1,13.125
AL,2023,3,1200.0,15000.0,2400.0,16.0,2700.0,18.0,4.1,4.4,1.1,35.3,6.4,67.5,16.0
AL,2023,4,420.0,10500.0,760.0,7.0,80.0,1.0,8.2,14.5,2.1,62.4,5.1,72.0,7.238095238095238
AL,2024,1,2400.0,11000.0,1600.0,15.0,860.0,8.0,6.3,2.9,1.9,18.8,4.5,24.0,14.545454545454543
AL,2024,2,3500.0,13500.0,1400.0,10.0,2700.0,20.0,3.6,5.3,2.4,23.2,1.3,70.1,10.37037037037037
AR,2015,1,1200.0,14000.0,1500.0,11.0,90.0,1.0,1.5,1.0,3.4,11.4,1.0,17.6,10.714285714285714
AR,2015,2,11500.0,13500.0,1900.0,14.0,5500.0,41.0,7.0,27.4,22.6,63.4,9.3,65.9,14.074074074074074
AR,2015,3,500.0,30000.0,9000.0,30.0,210.0,1.0,0.9,1.8,5.0,32.4,1.4,69.2,30.0
AR,2015,4,1900.0,27000.0,2400.0,9.0,0.0,0.0,0.1,8.5,8.2,9.7,0.6,38.1,8.88888888888889
AR,2016,1,5000.0,27000.0,5000.0,19.0,1100.0,4.0,0.0,1.9,0.5,6.9,8.1,57.4,18.51851851851852
AR,2016,2,12000.0,24000.0,3400.0,14.0,1600.0,7.0,5.5,3.4,0.1,8.5,1.6,84.9,14.166666666666666
AR,2016,3,270.0,32000.0,1500.0,5.0,60.0,0.0,0.4,2.7,7.9,9.0,0.3,80.7,4.6875
AR,2016,4,20.0,28000.0,2500.0,9.0,10.0,0.0,0.0,1.1,1.3,4.8,3.3,21.1,8.928571428571429
AR,2017,1,430.0,20000.0,3500.0,18.0,230.0,1.0,0.1,3.0,0.5,14.6,1.0,31.5,17.5
AR,2017,2,6000.0,24000.0,1900.0,8.0,1300.0,5.0,1.9,2.7,3.9,9.6,2.5,19.4,7.916666666666667
AR,2017,3,4400.0,29000.0,6000.0,21.0,410.0,1.0,0.0,9.3,17.0,9.1,2.3,61.4,20.689655172413794
AR,2017,4,2500.0,25000.0,7500.0,30.0,440.0,2.0,26.6,24.1,31.0,29.2,0.4,37.5,30.0
AR,2018,1,540.0,22000.0,7500.0,34.0,810.0,4.0,1.0,4.6,23.0,9.6,13.9,21.1,34.09090909090909
AR,2018,2,13000.0,16000.0,2000.0,13.0,1900.0,12.0,0.7,17.0,2.2,12.8,13.2,30.9,12.5
AR,2018,3,2600.0,29000.0,2300.0,8.0,840.0,3.0,0.1,0.5,17.6,7.8,0.6,29.9,7.931034482758621
AR,2018,4,110.0,31000.0,6000.0,19.0,230.0,1.0,0.0,5.3,73.5,7.1,2.2,82.8,19.35483870967742
AR,2019,1,20.0,28000.0,6500.0,23.0,20.0,,3.3,0.7,55.3,1.5,2.9,19.5,23.214285714285715
AR,2019,3,170.0,21000.0,2100.0,10.0,680.0,3.0,6.8,6.9,50.5,19.7,39.3,53.2,10.0
AR,2019,4,430.0,19500.0,1600.0,8.0,310.0,2.0,1.4,12.5,7.8,39.7,32.8,47.7,8.205128205128204
AR,2020,1,1800.0,16500.0,1600.0,10.0,30.0,,,,2.6,22.7,11.2,31.7,9.696969696969695
AR,2020,2,4900.0,17000.0,1800.0,11.0,800.0,5.0,5.1,2.1,24.6,15.3,12.4,40.5,10.588235294117649
AR,2020,3,1500.0,22000.0,1700.0,8.0,390.0,2.0,3.9,1.3,13.9,15.6,8.6,33.9,7.727272727272728
AR,2020,4,380.0,23000.0,2100.0,9.0,780.0,3.0,1.7,5.9,12.8,12.9,5.7,43.1,9.130434782608695
AR,2021,1,690.0,21000.0,4900.0,23.0,130.0,1.0,0.0,3.8,13.2,18.3,2.5,27.2,23.333333333333332
AR,2021,2,9000.0,12500.0,1600.0,13.0,5500.0,44.0,5.7,2.0,2.8,21.9,3.6,42.2,12.8
AR,2021,3,2400.0,20000.0,1800.0,9.0,1700.0,9.0,3.2,5.8,30.6,32.9,4.9,42.3,9.0
AR,2021,4,920.0,18000.0,480.0,3.0,100.0,1.0,0.0,0.6,25.6,28.2,0.7,35.7,2.6666666666666665
AR,2022,1,780.0,21000.0,2600.0,12.0,20.0,,0.0,1.3,23.1,28.1,8.9,39.8,12.38095238095238
AR,2022,2,6500.0,23000.0,3200.0,14.0,1200.0,5.0,2.0,6.4,9.5,12.7,3.9,20.6,13.91304347826087
AR,2022,3,2100.0,26000.0,4400.0,17.0,370.0,1.0,,7.0,13.0,12.6,4.8,25.1,16.923076923076923
AR,2022,4,110.0,22000.0,940.0,4.0,30.0,,,,,2.7,0.6,9.9,4.2727272727272725
AR,2023,1,1200.0,23000.0,2200.0,10.0,10.0,,5.3,2.0,24.7,51.4,5.9,62.2,9.565217391304348
AR,2023,2,6500.0,24000.0,11000.0,46.0,2200.0,9.0,2.8,1.9,7.4,13.1,3.1,22.4,45.833333333333336
AR,2023,3,3600.0,34000.0,1000.0,3.0,390.0,1.0,3.1,5.0,24.3,16.7,4.2,38.6,2.9411764705882355
AR,2023,4,330.0,37000.0,3100.0,8.0,10.0,,8.5,0.6,8.3,9.6,2.6,60.8,8.378378378378379
AR,2024,1,3260.0,21500.0,1700.0,8.0,120.0,1.0,0.9,3.4,2.0,14.2,4.3,17.1,7.906976744186046
AR,2024,2,5500.0,28000.0,2800.0,10.0,430.0,2.0,2.7,15.0,12.7,14.6,8.6,34.4,10.0
AZ,2015,1,3400.0,35000.0,4600.0,13.0,2100.0,6.0,0.1,1.8,0.0,20.5,3.1,26.9,13.142857142857142
AZ,2015,2,19500.0,33000.0,5500.0,17.0,7000.0,21.0,0.5,28.2,20.1,32.1,0.3,8.4,16.666666666666668
AZ,2015,3,4300.0,40000.0,6000.0,15.0,15500.0,39.0,5.4,7.6,17.3,24.8,5.1,53.5,15.0
AZ,2015,4,3000.0,39000.0,12000.0,31.0,16000.0,41.0,1.1,0.5,3.5,1.7,15.5,50.1,30.76923076923077
AZ,2016,1,3500.0,30000.0,4700.0,16.0,150.0,1.0,0.0,6.5,7.7,2.8,7.2,33.8,15.666666666666666
AZ,2016,2,14000.0,23000.0,3700.0,16.0,1600.0,7.0,17.2,17.4,12.0,47.5,3.5,26.8,16.08695652173913
AZ,2016,3,3200.0,32000.0,6000.0,19.0,2600.0,8.0,0.9,13.4,13.5,1.0,8.9,41.7,18.75
AZ,2016,4,4600.0,31000.0,6500.0,21.0,3100.0,10.0,2.3,4.3,6.5,15.5,3.2,98.8,20.967741935483872
AZ,2017,1,2900.0,32000.0,6000.0,19.0,0.0,0.0,3.8,6.5,1.7,2.0,2.1,35.6,18.75
AZ,2017,2,12500.0,22000.0,2600.0,12.0,3000.0,14.0,19.7,20.4,12.4,15.9,0.7,58.4,11.818181818181818
AZ,2017,3,5000.0,26000.0,4100.0,16.0,3200.0,12.0,0.5,12.4,1.1,0.4,6.3,19.8,15.76923076923077
AZ,2017,4,1300.0,30000.0,6500.0,22.0,1100.0,4.0,2.3,4.1,1.6,4.2,0.1,61.6,21.666666666666668
AZ,2018,1,810.0,26000.0,6000.0,23.0,230.0,1.0,4.6,7.9,15.3,4.3,4.2,36.3,23.076923076923077
AZ,2018,2,14000.0,19500.0,2600.0,13.0,2100.0,11.0,32.8,14.3,0.8,7.2,4.1,73.8,13.333333333333334
AZ,2018,3,3200.0,31000.0,8000.0,26.0,3100.0,10.0,4.5,15.0,3.8,2.3,27.6,52.5,25.806451612903224
AZ,2018,4,2200.0,27000.0,5000.0,19.0,330.0,1.0,3.1,7.1,,8.3,3.0,20.6,18.51851851851852
AZ,2019,1,430.0,22000.0,2500.0,11.0,90.0,,6.5,8.4,16.2,7.9,0.2,25.8,11.363636363636363
AZ,2019,3,5500.0,30000.0,2000.0,7.0,3800.0,13.0,2.7,13.2,11.4,9.9,0.6,29.0,6.666666666666667
AZ,2019,4,300.0,36000.0,7000.0,19.0,300.0,1.0,0.4,4.0,23.3,1.5,2.9,53.9,19.444444444444443
AZ,2020,1,3000.0,31000.0,8500.0,27.0,120.0,,,10.1,0.0,,9.0,31.7,27.419354838709676
AZ,2020,2,14500.0,26000.0,1300.0,5.0,4700.0,18.0,,5.5,4.2,0.0,0.6,22.1,5.0
AZ,2020,3,2600.0,30000.0,8000.0,27.0,1800.0,6.0,1.9,9.3,1.7,,12.2,24.1,26.666666666666668
AZ,2020,4,5500.0,27000.0,4000.0,15.0,600.0,2.0,,2.3,4.5,,18.3,22.5,14.814814814814817
AZ,2021,1,4500.0,28000.0,6500.0,23.0,4500.0,16.0,6.0,0.5,0.0,6.1,3.8,6.7,23.214285714285715
AZ,2021,2,12000.0,26000.0,4300.0,17.0,3700.0,14.0,3.6,7.1,1.2,0.0,6.9,7.4,16.53846153846154
AZ,2021,3,2000.0,31000.0,6500.0,21.0,2300.0,7.0,0.7,5.4,6.6,1.5,10.6,20.3,20.967741935483872
AZ,2021,4,7500.0,23000.0,5500.0,24.0,,0.0,,1.8,3.3,35.2,0.9,67.2,23.91304347826087
AZ,2022,1,720.0,32000.0,2300.0,7.0,10.0,,3.0,,,0.0,0.5,14.8,7.1875
AZ,2022,2,17500.0,32000.0,4300.0,13.0,2800.0,9.0,1.3,4.8,0.0,,,8.4,13.4375
AZ,2022,3,2900.0,25000.0,1900.0,8.0,2100.0,8.0,1.1,2.2,4.5,0.9,3.8,6.4,7.6
AZ,2022,4,1500.0,37000.0,5000.0,14.0,570.0,2.0,0.9,3.1,0.0,0.5,1.8,17.9,13.513513513513514
AZ,2023,1,290.0,34000.0,510.0,2.0,80.0,,0.0,,,0.0,0.5,72.9,1.5
AZ,2023,2,4900.0,34000.0,8500.0,25.0,2400.0,7.0,2.1,0.7,0.0,0.0,,15.4,25.0
AZ,2023,3,3000.0,30000.0,4600.0,15.0,790.0,3.0,2.7,18.1,3.8,,0.7,26.3,15.333333333333334
AZ,2023,4,3200.0,28000.0,5500.0,20.0,700.0,3.0,0.0,1.0,0.7,0.0,16.9,24.8,19.642857142857142
AZ,2024,1,3300.0,30000.0,1900.0,6.0,670.0,2.0,1.4,,0.6,0.5,2.4,15.5,6.333333333333333
AZ,2024,2,18500.0,36000.0,13500.0,38.0,7000.0,19.0,,1.0,1.0,,0.0,11.7,37.5
CA,2015,1,250000.0,1690000.0,255000.0,15.0,124000.0,7.0,3.0,6.5,7.5,7.2,2.8,24.7,15.088757396449704
CA,2015,2,170000.0,1050000.0,104000.0,10.0,285000.0,27.0,7.8,14.2,23.0,21.5,3.1,50.9,9.904761904761903
CA,2015,3,40000.0,800000.0,76000.0,10.0,93000.0,12.0,12.5,15.0,19.6,20.4,4.7,39.9,9.5
CA,2015,4,39000.0,1260000.0,149000.0,12.0,75000.0,6.0,6.2,10.5,11.7,12.7,7.3,37.3,11.825396825396826
CA,2016,1,210000.0,1410000.0,200000.0,14.0,139000.0,10.0,9.0,8.4,13.5,15.2,4.4,38.1,14.184397163120568
CA,2016,2,240000.0,1150000.0,108000.0,9.0,185000.0,16.0,11.2,15.3,14.2,14.1,2.6,49.7,9.391304347826088
CA,2016,3,33000.0,820000.0,82000.0,10.0,78000.0,10.0,8.5,10.4,18.8,17.8,6.9,42.2,10.0
CA,2016,4,40000.0,1330000.0,205000.0,15.0,35000.0,3.0,8.0,9.6,9.1,13.7,3.5,41.9,15.413533834586469
CA,2017,1,137000.0,1470000.0,195000.0,13.0,93000.0,6.0,7.5,6.6,9.2,12.6,6.3,37.7,13.26530612244898
CA,2017,2,160000.0,990000.0,90000.0,9.0,220000.0,22.0,3.1,4.8,13.0,7.7,3.4,38.0,9.090909090909092
CA,2017,3,73000.0,670000.0,67000.0,10.0,74000.0,11.0,5.6,10.1,13.4,15.8,3.6,42.3,10.0
CA,2017,4,90000.0,1200000.0,155000.0,13.0,104000.0,9.0,7.4,17.1,17.0,14.1,6.3,47.9,12.916666666666666
CA,2018,1,205000.0,1540000.0,215000.0,14.0,133000.0,9.0,4.8,8.0,11.5,11.3,4.9,41.3,13.96103896103896
CA,2018,2,172000.0,1200000.0,110000.0,9.0,255000.0,21.0,11.1,9.0,13.7,10.2,5.0,41.5,9.166666666666666
CA,2018,3,63000.0,700000.0,73000.0,10.0,141000.0,20.0,4.5,12.0,17.8,6.6,3.6,57.3,10.428571428571429
CA,2018,4,86000.0,1200000.0,170000.0,14.0,46000.0,4.0,9.8,9.3,11.6,16.6,7.1,44.1,14.166666666666666
CA,2019,1,83000.0,1580000.0,235000.0,15.0,86000.0,5.0,6.4,8.7,12.3,13.4,5.6,43.5,14.873417721518988
CA,2019,3,87000.0,700000.0,93000.0,13.0,108000.0,15.0,8.7,11.1,16.0,11.5,3.2,49.0,13.285714285714286
CA,2019,4,160000.0,1300000.0,136000.0,10.0,37000.0,3.0,5.2,8.0,11.3,10.9,5.0,40.5,10.461538461538462
CA,2020,1,240000.0,1710000.0,230000.0,13.0,66000.0,4.0,5.0,5.3,5.3,6.0,4.2,22.4,13.45029239766082
CA,2020,2,175000.0,1200000.0,100000.0,8.0,240000.0,20.0,3.9,7.6,5.5,4.8,3.1,33.6,8.333333333333334
CA,2020,3,61000.0,700000.0,69000.0,10.0,108000.0,15.0,7.3,8.1,6.3,11.4,3.6,33.9,9.857142857142858
CA,2020,4,120000.0,1400000.0,164000.0,12.0,58000.0,4.0,7.1,4.2,4.8,11.1,4.0,45.5,11.714285714285714
CA,2021,1,189000.0,1600000.0,275000.0,17.0,84000.0,5.0,1.7,6.2,7.2,5.7,3.4,29.9,17.1875
CA,2021,2,165000.0,1060000.0,114000.0,11.0,180000.0,17.0,7.7,11.6,16.1,11.5,3.8,42.4,10.754716981132075
CA,2021,3,47000.0,680000.0,25000.0,4.0,51000.0,8.0,14.2,11.0,13.0,16.5,5.0,39.6,3.676470588235294
CA,2021,4,15000.0,1210000.0,50000.0,4.0,29000.0,2.0,3.7,2.8,1.9,4.8,2.0,14.6,4.132231404958677
CA,2022,1,139000.0,1520000.0,162000.0,11.0,95000.0,6.0,3.3,3.9,5.3,7.2,4.2,29.7,10.657894736842104
CA,2022,2,152000.0,1040000.0,107000.0,10.0,120000.0,12.0,4.8,20.3,6.6,16.2,3.7,41.1,10.288461538461538
CA,2022,3,11000.0,660000.0,24000.0,4.0,57000.0,9.0,4.3,9.8,6.2,7.2,7.9,30.4,3.636363636363636
CA,2022,4,30000.0,1050000.0,60000.0,6.0,58000.0,6.0,18.8,27.1,19.0,24.8,3.4,48.6,5.714285714285714
CA,2023,1,88000.0,1330000.0,196000.0,15.0,48000.0,4.0,11.3,23.0,14.1,18.2,16.7,48.7,14.736842105263158
CA,2023,2,139000.0,940000.0,152000.0,16.0,112000.0,12.0,4.0,11.3,4.5,3.3,4.1,41.4,16.170212765957448
CA,2023,3,21000.0,600000.0,32000.0,5.0,61000.0,10.0,2.3,4.4,3.7,2.6,2.3,22.1,5.333333333333333
CA,2023,4,60000.0,1000000.0,64000.0,6.0,52000.0,5.0,3.4,3.2,2.4,3.8,2.9,33.7,6.4
CA,2024,1,250000.0,1000000.0,210000.0,21.0,135000.0,14.0,18.2,17.8,20.9,24.1,14.8,56.8,21.0
CA,2024,2,164000.0,960000.0,58000.0,6.0,113000.0,12.0,1.7,16.2,29.0,29.9,4.4,53.8,6.041666666666667
CA,2024,3,8000.0,630000.0,36000.0,6.0,43000.0,7.0,17.3,4.6,9.1,18.8,3.0,35.0,5.714285714285714
CA,2024,4,46000.0,950000.0,88000.0,9.0,48000.0,5.0,4.5,4.0,4.5,3.3,8.2,30.1,9.263157894736842
CA,2025,1,182500.0,1260000.0,83000.0,7.0,64000.0,5.0,8.7,7.3,7.6,7.6,8.3,38.4,6.587301587301587
CA,2025,2,185000.0,840000.0,80000.0,10.0,131000.0,16.0,6.3,9.3,10.5,15.3,2.5,41.6,9.523809523809524
CO,2015,1,200.0,12500.0,1500.0,12.0,140.0,1.0,1.8,2.6,0.6,0.9,5.9,14.6,12.0
CO,2015,2,6000.0,25000.0,1900.0,8.0,3500.0,14.0,4.6,3.4,2.8,1.8,6.6,38.6,7.6
CO,2015,3,1400.0,30000.0,4500.0,15.0,1400.0,5.0,2.7,3.7,16.5,1.5,2.7,50.5,15.0
CO,2015,4,3400.0,24000.0,2500.0,10.0,0.0,0.0,21.2,8.4,19.7,24.4,1.8,47.6,10.416666666666666
CO,2016,1,1700.0,8500.0,750.0,9.0,10.0,0.0,0.5,2.7,0.2,4.1,0.2,2.9,8.823529411764707
CO,2016,2,9000.0,29000.0,1800.0,6.0,680.0,2.0,3.3,2.6,1.4,0.8,0.3,38.7,6.206896551724138
CO,2016,3,1100.0,37000.0,6500.0,18.0,740.0,2.0,16.8,10.6,24.6,22.4,0.1,49.3,17.56756756756757
CO,2016,4,2500.0,30000.0,4500.0,15.0,0.0,0.0,0.1,13.0,3.1,1.3,0.1,32.4,15.0
CO,2017,1,100.0,21000.0,1100.0,5.0,0.0,0.0,,2.6,0.9,,0.4,17.0,5.238095238095238
CO,2017,2,8000.0,31000.0,4500.0,15.0,7500.0,24.0,5.3,4.6,3.2,0.8,0.1,31.3,14.516129032258064
CO,2017,3,2900.0,42000.0,4300.0,10.0,6410.0,15.0,2.6,7.8,9.1,1.4,1.4,52.9,10.238095238095235
CO,2017,4,1500.0,34000.0,7000.0,21.0,4000.0,12.0,0.2,15.5,20.0,0.7,5.3,30.2,20.58823529411765
CO,2018,1,1400.0,21000.0,4900.0,23.0,190.0,1.0,3.8,13.7,0.5,0.8,2.4,31.7,23.333333333333332
CO,2018,2,12500.0,27000.0,3000.0,11.0,4700.0,17.0,12.7,4.2,3.6,,0.5,41.7,11.11111111111111
CO,2018,3,1500.0,35000.0,5000.0,14.0,5000.0,14.0,5.6,8.5,2.9,16.6,4.5,72.6,14.285714285714286
CO,2018,4,370.0,30000.0,3500.0,12.0,10.0,,1.0,6.1,,5.9,1.2,73.2,11.666666666666666
CO,2019,1,0.0,7500.0,320.0,4.0,0.0,0.0,0.0,2.5,0.0,0.3,0.6,11.2,4.266666666666667
CO,2019,3,2200.0,36000.0,9500.0,26.0,3400.0,9.0,4.8,9.4,10.2,12.5,1.0,79.8,26.38888888888889
CO,2019,4,1100.0,27000.0,8000.0,30.0,440.0,2.0,0.0,2.6,15.3,1.5,0.8,67.7,29.62962962962963
CO,2020,1,4000.0,13000.0,670.0,5.0,500.0,4.0,,10.8,,0.0,2.4,20.8,5.153846153846154
CO,2020,2,7000.0,27000.0,2100.0,8.0,2800.0,10.0,,0.5,0.0,,2.5,35.4,7.777777777777778
CO,2020,3,3800.0,29000.0,7000.0,24.0,5500.0,19.0,,6.3,0.0,1.1,19.8,23.1,24.13793103448276
CO,2020,4,930.0,19000.0,5000.0,26.0,20.0,,,0.9,0.0,0.0,1.5,14.9,26.31578947368421
CO,2021,1,1000.0,16500.0,700.0,4.0,30.0,,0.0,1.0,0.0,0.0,7.0,7.9,4.242424242424242
CO,2021,2,6000.0,25000.0,8500.0,34.0,1100.0,4.0,0.0,0.5,,,2.9,56.1,34.0
CO,2021,3,1500.0,22000.0,1700.0,8.0,750.0,3.0,2.9,6.4,0.0,,0.8,7.8,7.727272727272728
CO,2021,4,200.0,13000.0,1600.0,12.0,,0.0,0.0,2.6,,,3.7,4.6,12.307692307692308
CO,2022,1,0.0,8500.0,540.0,6.0,10.0,,3.8,3.4,0.6,0.0,2.6,13.5,6.352941176470588
CO,2022,2,8000.0,19500.0,1400.0,7.0,2300.0,12.0,0.6,26.5,,0.0,,31.0,7.17948717948718
CO,2022,3,5000.0,24000.0,2800.0,12.0,120.0,1.0,,2.2,0.0,0.0,5.4,14.4,11.666666666666666
CO,2022,4,1100.0,20000.0,2000.0,10.0,70.0,,,,,,4.5,5.3,10.0
CO,2023,1,520.0,10500.0,520.0,5.0,0.0,0.0,0.0,0.9,,0.0,1.4,1.8,4.9523809523809526
CO,2023,2,4500.0,33000.0,1100.0,3.0,1500.0,5.0,5.5,0.7,1.3,5.1,,64.4,3.3333333333333335
CO,2023,3,170.0,26000.0,6500.0,25.0,2300.0,9.0,3.1,12.9,12.6,,,45.1,25.0
CO,2023,4,0.0,15500.0,980.0,6.0,180.0,1.0,0.0,0.7,0.0,0.0,5.3,11.4,6.32258064516129
CO,2024,1,500.0,11000.0,370.0,3.0,0.0,0.0,,1.8,,4.3,1.0,5.4,3.363636363636364
CO,2024,2,1100.0,18500.0,290.0,2.0,450.0,2.0,0.0,0.9,,0.0,,1.2,1.5675675675675675
CT,2015,1,290.0,3900.0,870.0,22.0,0.0,0.0,0.0,21.2,0.0,1.4,2.4,2.5,22.307692307692307
CT,2015,2,1100.0,3000.0,80.0,3.0,150.0,5.0,1.9,1.0,0.8,0.4,0.7,10.2,2.6666666666666665
CT,2015,3,190.0,3700.0,50.0,1.0,440.0,12.0,0.4,7.8,1.5,1.2,0.0,39.3,1.351351351351351
CT,2015,4,40.0,3200.0,210.0,7.0,70.0,2.0,0.5,3.4,1.1,1.7,2.0,10.5,6.5625
CT,2016,1,70.0,2700.0,270.0,10.0,10.0,0.0,0.2,7.7,0.0,0.8,1.7,12.3,10.0
CT,2016,2,390.0,2500.0,100.0,4.0,60.0,2.0,0.5,4.4,0.3,0.6,1.2,9.3,4.0
CT,2016,3,890.0,3100.0,270.0,9.0,180.0,6.0,0.0,5.0,0.2,1.6,0.8,18.8,8.709677419354838
CT,2016,4,0.0,3100.0,240.0,8.0,0.0,0.0,1.1,5.8,1.0,6.6,3.2,14.7,7.741935483870968
CT,2017,1,100.0,3100.0,380.0,12.0,110.0,4.0,0.0,6.1,0.0,1.5,5.6,51.5,12.258064516129032
CT,2017,2,2200.0,3000.0,140.0,5.0,350.0,12.0,0.0,1.9,0.5,0.2,0.7,9.1,4.666666666666667
CT,2017,3,50.0,3500.0,130.0,4.0,20.0,1.0,0.1,13.0,0.0,1.5,0.0,25.1,3.7142857142857144
CT,2017,4,190.0,4000.0,330.0,8.0,110.0,3.0,0.0,1.6,0.6,2.8,1.6,36.4,8.25
CT,2018,1,220.0,2900.0,140.0,5.0,330.0,11.0,0.0,7.7,0.8,0.7,3.5,14.5,4.827586206896552
CT,2018,2,340.0,3600.0,120.0,3.0,170.0,5.0,0.4,0.8,0.8,0.9,0.4,11.1,3.3333333333333335
CT,2018,3,80.0,3200.0,130.0,4.0,310.0,10.0,0.0,2.5,1.4,0.0,1.2,13.0,4.0625
CT,2018,4,0.0,3500.0,220.0,6.0,60.0,2.0,2.3,4.2,0.9,3.6,2.3,12.5,6.285714285714286
CT,2019,1,170.0,3100.0,270.0,9.0,10.0,,0.0,3.6,0.0,1.3,1.7,10.1,8.709677419354838
CT,2019,3,70.0,4400.0,200.0,5.0,470.0,11.0,2.4,3.9,0.0,6.9,0.5,24.3,4.545454545454546
CT,2019,4,10.0,4000.0,300.0,8.0,50.0,1.0,2.4,1.7,0.0,11.1,1.6,22.2,7.5
CT,2020,1,360.0,3800.0,330.0,9.0,,0.0,,2.8,0.0,2.9,3.0,11.2,8.68421052631579
CT,2020,2,1200.0,4300.0,30.0,1.0,450.0,10.0,0.0,0.1,0.0,2.1,0.6,14.8,0.6976744186046512
CT,2020,3,130.0,4700.0,300.0,6.0,150.0,3.0,0.0,4.0,0.0,1.4,0.0,20.2,6.382978723404255
CT,2020,4,20.0,4600.0,500.0,11.0,20.0,,0.1,4.3,0.0,0.9,8.2,49.4,10.869565217391305
CT,2021,1,400.0,4200.0,800.0,19.0,50.0,1.0,0.0,1.6,0.5,3.5,1.0,17.8,19.047619047619047
CT,2021,2,1100.0,4000.0,60.0,2.0,340.0,9.0,0.1,1.0,,6.0,0.0,16.5,1.5
CT,2021,3,140.0,4200.0,120.0,3.0,170.0,4.0,0.7,2.4,3.9,0.8,5.9,16.4,2.857142857142857
CT,2021,4,140.0,4000.0,180.0,5.0,130.0,3.0,0.6,0.6,0.6,0.6,2.8,20.6,4.5
CT,2022,1,10.0,4500.0,420.0,9.0,170.0,4.0,1.4,3.5,,2.3,1.2,10.2,9.333333333333334
CT,2022,2,230.0,4100.0,30.0,1.0,30.0,1.0,0.0,1.1,0.0,0.0,0.0,10.9,0.7317073170731707
CT,2022,3,80.0,4300.0,90.0,2.0,180.0,4.0,0.5,4.6,1.0,3.3,,9.4,2.0930232558139537
CT,2022,4,20.0,4100.0,330.0,8.0,40.0,1.0,,1.2,0.7,2.3,0.6,12.8,8.048780487804878
CT,2023,1,560.0,4000.0,360.0,9.0,70.0,2.0,0.6,3.3,0.1,1.7,5.9,7.0,9.0
CT,2023,2,690.0,4200.0,230.0,5.0,800.0,19.0,0.8,2.7,0.0,4.9,0.7,66.3,5.476190476190476
CT,2023,3,140.0,4100.0,120.0,3.0,150.0,4.0,0.1,0.7,,,,11.0,2.926829268292683
CT,2023,4,0.0,4100.0,480.0,12.0,10.0,,0.0,3.6,0.0,,1.5,5.0,11.707317073170731
CT,2024,1,500.0,4000.0,100.0,3.0,0.0,0.0,0.0,0.0,,0.9,0.6,7.8,2.5
CT,2024,2,960.0,4100.0,140.0,3.0,770.0,19.0,,2.5,,1.1,,6.3,3.4146341463414633
FL,2015,1,54000.0,315000.0,42000.0,13.0,25000.0,8.0,0.8,5.1,8.9,13.5,4.4,22.3,13.333333333333334
FL,2015,2,44000.0,215000.0,35000.0,16.0,24000.0,11.0,2.7,13.6,17.7,26.4,5.4,44.2,16.27906976744186
FL,2015,3,37000.0,220000.0,36000.0,16.0,29000.0,13.0,6.7,21.9,22.9,21.7,3.4,39.5,16.363636363636363
FL,2015,4,30000.0,260000.0,37000.0,14.0,28000.0,11.0,2.5,3.0,6.8,18.4,4.2,27.3,14.23076923076923
FL,2016,1,49000.0,295000.0,40000.0,14.0,15500.0,5.0,0.4,1.8,4.9,5.8,1.4,23.6,13.559322033898304
FL,2016,2,43000.0,240000.0,29000.0,12.0,21000.0,9.0,10.0,10.1,11.6,23.3,2.0,48.2,12.083333333333334
FL,2016,3,62000.0,220000.0,25000.0,11.0,14500.0,7.0,2.7,8.5,9.9,23.4,1.8,45.1,11.363636363636363
FL,2016,4,31000.0,300000.0,41000.0,14.0,11500.0,4.0,7.7,13.6,17.0,27.1,6.5,30.9,13.666666666666666
FL,2017,1,78000.0,265000.0,30000.0,11.0,34000.0,13.0,1.5,6.2,14.2,14.8,17.9,37.6,11.320754716981131
FL,2017,2,40000.0,255000.0,35000.0,14.0,50000.0,20.0,6.1,6.5,9.0,14.4,18.9,36.5,13.72549019607843
FL,2017,3,39000.0,180000.0,39000.0,22.0,42000.0,23.0,3.7,11.4,6.3,13.2,21.5,42.9,21.666666666666668
FL,2017,4,55000.0,240000.0,50000.0,21.0,36000.0,15.0,7.5,7.6,10.4,16.8,26.2,41.4,20.833333333333332
FL,2018,1,57000.0,255000.0,39000.0,15.0,38000.0,15.0,4.5,5.5,9.2,15.3,16.0,31.7,15.294117647058824
FL,2018,2,49000.0,275000.0,56000.0,20.0,68000.0,25.0,9.6,10.1,15.5,27.5,21.1,45.3,20.363636363636363
FL,2018,3,53000.0,220000.0,30000.0,14.0,40000.0,18.0,4.2,14.3,7.6,20.5,9.8,35.0,13.636363636363637
FL,2018,4,53000.0,290000.0,43000.0,15.0,20000.0,7.0,9.0,8.0,14.1,22.4,6.7,46.7,14.827586206896552
FL,2019,1,41000.0,315000.0,46000.0,15.0,16500.0,5.0,5.5,7.4,22.9,24.8,5.5,46.9,14.603174603174605
FL,2019,3,46000.0,240000.0,20000.0,8.0,33000.0,14.0,6.3,11.7,18.2,20.7,10.8,44.9,8.333333333333334
FL,2019,4,28000.0,300000.0,30000.0,10.0,15000.0,5.0,7.8,7.8,11.7,25.6,4.8,43.5,10.0
FL,2020,1,41000.0,305000.0,30000.0,10.0,8000.0,3.0,5.5,8.7,5.3,14.2,10.9,28.0,9.836065573770492
FL,2020,2,25000.0,310000.0,40000.0,13.0,18500.0,6.0,3.4,5.9,5.8,16.0,7.9,33.1,12.903225806451612
FL,2020,3,36000.0,230000.0,29000.0,13.0,31000.0,13.0,12.8,7.9,14.8,19.9,10.9,42.2,12.608695652173912
FL,2020,4,50000.0,290000.0,29000.0,10.0,17500.0,6.0,10.4,2.3,19.6,21.7,7.5,45.7,10.0
FL,2021,1,47000.0,305000.0,31000.0,10.0,17000.0,6.0,5.6,6.3,6.6,11.9,3.4,34.6,10.163934426229508
FL,2021,2,53000.0,300000.0,33000.0,11.0,31000.0,10.0,4.3,6.4,10.1,22.9,7.7,43.4,11.0
FL,2021,3,34000.0,255000.0,39000.0,15.0,27000.0,11.0,7.1,11.4,14.1,20.5,8.7,43.4,15.294117647058824
FL,2021,4,20000.0,310000.0,38000.0,12.0,11000.0,4.0,5.9,8.8,9.1,19.0,13.6,28.9,12.258064516129032
FL,2022,1,50000.0,295000.0,24000.0,8.0,13500.0,5.0,3.7,6.4,9.8,13.1,8.2,39.0,8.135593220338983
FL,2022,2,56000.0,310000.0,46000.0,15.0,44000.0,14.0,5.7,12.2,8.2,15.3,6.3,31.8,14.838709677419354
FL,2022,3,38000.0,285000.0,58000.0,20.0,29000.0,10.0,1.7,14.2,13.9,30.8,16.6,56.5,20.350877192982455
FL,2022,4,30000.0,300000.0,61000.0,20.0,40000.0,13.0,3.5,7.8,14.2,14.7,7.0,33.2,20.333333333333332
FL,2023,1,51000.0,305000.0,34000.0,11.0,18500.0,6.0,3.5,4.2,5.6,11.1,8.5,28.1,11.147540983606556
FL,2023,2,58000.0,295000.0,50000.0,17.0,23000.0,8.0,6.7,14.7,17.6,23.0,7.4,48.9,16.949152542372882
FL,2023,3,44000.0,290000.0,34000.0,12.0,21000.0,7.0,7.2,10.1,8.3,16.6,10.1,28.0,11.724137931034482
FL,2023,4,22000.0,335000.0,33000.0,10.0,19500.0,6.0,4.1,17.4,30.3,14.9,14.1,38.7,9.850746268656716
FL,2024,1,35000.0,310000.0,24000.0,8.0,10500.0,3.0,2.5,4.2,9.8,10.5,3.3,28.2,7.741935483870968
FL,2024,2,57000.0,310000.0,37000.0,12.0,12500.0,4.0,4.3,12.9,14.6,15.8,4.8,42.2,11.935483870967742
FL,2024,3,39000.0,295000.0,32000.0,11.0,17500.0,6.0,4.1,8.2,11.0,16.7,4.1,34.8,10.847457627118644
FL,2024,4,36000.0,310000.0,43000.0,14.0,11500.0,4.0,6.0,22.6,13.8,13.1,6.7,29.3,13.870967741935484
FL,2025,1,49000.0,320000.0,40000.0,13.0,16500.0,5.0,3.9,4.2,15.8,18.4,8.1,43.9,12.5
FL,2025,2,38000.0,325000.0,38000.0,12.0,39000.0,12.0,2.7,8.4,3.1,7.4,1.2,20.1,11.692307692307692
GA,2015,1,47000.0,105000.0,14500.0,14.0,9500.0,9.0,3.3,4.8,2.6,4.9,10.5,6.2,13.80952380952381
GA,2015,2,25000.0,124000.0,23000.0,19.0,19000.0,15.0,2.9,11.5,28.7,17.5,4.1,52.8,18.548387096774192
GA,2015,3,19500.0,110000.0,13000.0,12.0,15500.0,14.0,3.6,8.9,21.2,16.2,3.6,47.6,11.818181818181818
GA,2015,4,4400.0,121000.0,18000.0,15.0,1900.0,2.0,5.3,3.7,4.5,13.9,1.3,43.5,14.87603305785124
GA,2016,1,36000.0,100000.0,15500.0,16.0,3200.0,3.0,2.1,3.2,21.4,7.8,3.9,32.3,15.5
GA,2016,2,17500.0,111000.0,11000.0,10.0,3600.0,3.0,2.0,11.7,28.4,28.4,2.7,59.3,9.90990990990991
GA,2016,3,12500.0,103000.0,13000.0,13.0,2300.0,2.0,2.4,7.6,12.1,16.4,4.5,30.7,12.62135922330097
GA,2016,4,12000.0,112000.0,11000.0,10.0,450.0,0.0,3.7,4.1,7.6,8.6,2.5,43.6,9.821428571428571
GA,2017,1,25000.0,125000.0,14000.0,11.0,21000.0,17.0,0.2,4.4,2.6,7.0,1.8,35.3,11.2
GA,2017,2,21000.0,137000.0,12500.0,9.0,31000.0,23.0,1.0,6.5,6.6,5.8,2.8,34.1,9.124087591240876
GA,2017,3,19000.0,122000.0,15500.0,13.0,23000.0,19.0,2.3,15.1,14.1,18.0,6.9,47.6,12.704918032786884
GA,2017,4,4300.0,145000.0,21000.0,14.0,2200.0,2.0,12.3,3.6,15.3,15.1,4.6,56.8,14.482758620689657
GA,2018,1,29000.0,139000.0,25000.0,18.0,39000.0,28.0,0.9,27.1,14.8,18.7,2.1,39.6,17.985611510791365
GA,2018,2,35000.0,137000.0,18000.0,13.0,16000.0,12.0,13.8,31.4,14.8,25.9,10.1,53.0,13.138686131386862
GA,2018,3,27000.0,138000.0,17000.0,12.0,33000.0,24.0,2.4,6.0,27.7,20.4,7.2,49.8,12.318840579710145
GA,2018,4,6500.0,164000.0,19500.0,12.0,49000.0,30.0,9.2,5.6,6.9,17.4,7.8,41.4,11.890243902439025
GA,2019,1,19500.0,129000.0,14500.0,11.0,8000.0,6.0,7.4,10.6,9.6,17.8,4.9,69.6,11.24031007751938
GA,2019,3,12000.0,118000.0,13000.0,11.0,36000.0,31.0,1.6,17.1,25.8,18.6,4.6,52.5,11.016949152542374
GA,2019,4,10500.0,131000.0,20000.0,15.0,10500.0,8.0,5.6,2.6,9.1,18.2,4.4,34.3,15.267175572519085
GA,2020,1,41000.0,119000.0,14500.0,12.0,22000.0,18.0,,,,3.4,7.5,50.9,12.184873949579831
GA,2020,2,18500.0,147000.0,10000.0,7.0,20000.0,14.0,6.9,7.9,2.9,19.6,13.4,47.9,6.802721088435374
GA,2020,3,22000.0,163000.0,23000.0,14.0,35000.0,21.0,3.5,5.3,3.4,22.5,13.0,49.6,14.11042944785276
GA,2020,4,11000.0,174000.0,30000.0,17.0,11000.0,6.0,1.8,1.9,7.5,12.9,6.7,35.5,17.24137931034483
GA,2021,1,34000.0,120000.0,20000.0,17.0,14500.0,12.0,8.9,4.1,1.5,14.4,4.6,47.9,16.666666666666668
GA,2021,2,25000.0,135000.0,21000.0,16.0,18500.0,14.0,5.2,5.2,2.8,13.8,5.8,44.7,15.555555555555555
GA,2021,3,28000.0,123000.0,22000.0,18.0,35000.0,28.0,4.8,13.4,12.0,32.2,7.6,63.9,17.88617886178862
GA,2021,4,12500.0,132000.0,24000.0,18.0,12000.0,9.0,0.5,5.7,7.8,24.7,7.2,41.0,18.181818181818183
GA,2022,1,26000.0,119000.0,14000.0,12.0,18000.0,15.0,0.6,5.9,5.1,17.4,3.0,41.2,11.764705882352942
GA,2022,2,27000.0,131000.0,26000.0,20.0,47000.0,36.0,1.4,8.3,6.1,9.0,5.7,35.9,19.84732824427481
GA,2022,3,18500.0,118000.0,23000.0,19.0,39000.0,33.0,7.0,16.3,5.6,21.4,10.1,49.4,19.491525423728813
GA,2022,4,18000.0,133000.0,30000.0,23.0,17000.0,13.0,3.3,8.5,3.7,11.5,2.1,33.5,22.55639097744361
GA,2023,1,18500.0,121000.0,13000.0,11.0,8000.0,7.0,,1.7,7.7,1.3,7.4,31.2,10.743801652892564
GA,2023,2,25000.0,132000.0,31000.0,23.0,45000.0,34.0,2.3,9.5,3.8,11.9,7.0,29.2,23.484848484848484
GA,2023,3,17000.0,133000.0,23000.0,17.0,10500.0,8.0,1.0,9.7,6.4,16.0,11.1,34.4,17.293233082706767
GA,2023,4,4000.0,140000.0,25000.0,18.0,15500.0,11.0,3.2,18.8,2.9,15.8,10.1,42.0,17.857142857142858
GA,2024,1,34000.0,130000.0,28000.0,22.0,2000.0,2.0,0.5,3.6,1.1,8.9,5.7,18.5,21.53846153846154
GA,2024,2,17000.0,145000.0,13000.0,9.0,10500.0,7.0,1.7,9.4,2.6,11.6,2.3,31.3,8.96551724137931
GA,2024,3,34000.0,153000.0,35000.0,23.0,17000.0,11.0,4.9,18.2,7.3,14.6,10.5,31.9,22.875816993464053
GA,2024,4,23000.0,153000.0,31000.0,20.0,4200.0,3.0,3.1,19.4,3.6,15.3,12.6,32.0,20.26143790849673
GA,2025,1,57000.0,146000.0,26000.0,18.0,8000.0,5.0,2.1,5.8,8.5,10.0,10.5,25.9,17.80821917808219
GA,2025,2,35000.0,156000.0,25000.0,16.0,21000.0,13.0,1.0,2.4,1.9,7.5,17.0,20.0,16.025641025641026
HI,2015,1,3400.0,10500.0,380.0,4.0,760.0,7.0,1.6,2.0,0.0,37.7,0.0,38.8,3.619047619047619
HI,2015,2,1100.0,13500.0,120.0,1.0,1200.0,9.0,0.3,3.2,0.1,61.0,0.1,60.1,0.8888888888888888
HI,2015,3,1200.0,14500.0,2700.0,19.0,5500.0,38.0,0.1,2.5,0.1,80.5,0.0,78.1,18.620689655172413
HI,2015,4,2700.0,13000.0,690.0,5.0,760.0,6.0,0.2,0.0,0.0,33.9,0.0,31.0,5.3076923076923075
HI,2016,1,570.0,15000.0,280.0,2.0,530.0,4.0,0.0,0.8,0.1,1.5,0.0,0.3,1.8666666666666667
HI,2016,2,870.0,13500.0,830.0,6.0,0.0,0.0,0.0,3.2,0.6,38.1,0.0,35.6,6.148148148148148
HI,2016,3,430.0,13500.0,600.0,4.0,820.0,6.0,0.1,0.0,0.8,75.3,0.0,67.8,4.444444444444445
HI,2016,4,60.0,13500.0,970.0,7.0,840.0,6.0,0.0,0.2,0.1,40.8,0.1,39.9,7.185185185185185
HI,2017,1,510.0,13000.0,190.0,1.0,50.0,,0.2,0.1,0.0,2.1,0.1,1.2,1.4615384615384617
HI,2017,2,3000.0,12000.0,70.0,1.0,920.0,8.0,,0.4,0.0,3.7,0.0,88.9,0.5833333333333334
HI,2017,3,430.0,15000.0,1100.0,7.0,20.0,,0.3,2.0,0.0,4.3,,2.8,7.333333333333333
HI,2017,4,970.0,15000.0,130.0,1.0,290.0,2.0,0.1,0.1,0.0,66.1,0.0,57.2,0.8666666666666667
HI,2018,1,1200.0,17000.0,1600.0,9.0,5000.0,29.0,0.1,0.1,0.0,84.5,,83.0,9.411764705882351
HI,2018,2,330.0,16500.0,380.0,2.0,3100.0,19.0,0.4,0.8,0.0,91.9,0.2,88.3,2.303030303030303
HI,2018,3,1700.0,16500.0,1800.0,11.0,3000.0,18.0,0.1,0.1,0.1,89.4,0.0,88.3,10.909090909090908
HI,2018,4,1700.0,16000.0,940.0,6.0,6000.0,38.0,,0.1,0.0,83.3,0.0,70.5,5.875
HI,2019,1,660.0,16500.0,390.0,2.0,3700.0,22.0,0.1,2.9,0.7,64.9,0.0,72.1,2.363636363636364
HI,2019,3,200.0,17000.0,200.0,1.0,6000.0,35.0,0.3,1.3,0.0,39.0,0.2,37.2,1.1764705882352942
HI,2019,4,300.0,17000.0,1300.0,8.0,50.0,,0.2,0.1,1.0,61.8,0.0,44.0,7.647058823529412
HI,2020,1,1300.0,16000.0,1800.0,11.0,2200.0,14.0,,,0.0,60.8,,75.3,11.25
HI,2020,2,3000.0,15500.0,0.0,0.0,2300.0,15.0,1.0,1.1,0.0,41.1,0.0,43.1,0.0
HI,2020,3,4000.0,18500.0,500.0,3.0,3400.0,18.0,,0.5,,63.5,,62.7,2.702702702702702
HI,2020,4,200.0,22000.0,2700.0,12.0,370.0,2.0,,2.9,0.0,65.2,0.0,57.2,12.272727272727272
HI,2021,1,2300.0,19500.0,800.0,4.0,1600.0,8.0,0.0,4.7,0.0,52.2,0.0,53.0,4.102564102564102
HI,2021,2,490.0,21000.0,490.0,2.0,1200.0,6.0,0.0,,0.0,60.8,,92.6,2.3333333333333335
HI,2021,3,100.0,21000.0,1100.0,5.0,520.0,2.0,,0.0,18.0,19.0,0.9,29.6,5.238095238095238
HI,2021,4,1100.0,20000.0,100.0,1.0,530.0,3.0,19.7,0.0,0.0,64.2,0.0,66.1,0.5
IA,2015,1,1700.0,17500.0,3100.0,18.0,270.0,2.0,4.6,18.0,3.4,0.7,3.4,26.0,17.714285714285715
IA,2015,2,6500.0,24000.0,1400.0,6.0,3100.0,13.0,2.9,2.7,7.8,5.1,1.9,21.5,5.833333333333333
IA,2015,3,640.0,37000.0,3000.0,8.0,680.0,2.0,0.1,5.6,4.7,5.8,3.4,17.4,8.108108108108109
IA,2015,4,40.0,35000.0,4300.0,12.0,30.0,0.0,0.6,24.8,6.4,0.9,1.4,53.4,12.285714285714286
IA,2016,1,90.0,13000.0,2900.0,22.0,0.0,0.0,13.8,24.0,2.7,14.4,4.8,52.8,22.307692307692307
IA,2016,2,26000.0,26000.0,2400.0,9.0,760.0,3.0,18.7,6.0,0.6,17.8,5.7,23.5,9.23076923076923
IA,2016,3,10500.0,50000.0,5500.0,11.0,2400.0,5.0,0.8,2.4,16.7,3.4,5.6,32.6,11.0
IA,2016,4,0.0,54000.0,4700.0,9.0,20.0,0.0,8.9,11.4,9.0,9.8,6.3,18.7,8.703703703703704
IA,2017,1,70.0,15500.0,3000.0,19.0,0.0,0.0,8.4,11.9,12.0,8.3,11.7,33.6,19.35483870967742
IA,2017,2,23000.0,23000.0,2400.0,10.0,3900.0,17.0,7.5,8.1,26.6,27.6,0.9,39.3,10.434782608695652
IA,2017,3,2100.0,43000.0,2200.0,5.0,4000.0,9.0,2.4,4.0,3.9,7.2,2.2,17.2,5.116279069767442
IA,2017,4,250.0,45000.0,6500.0,14.0,3400.0,8.0,12.3,17.9,32.6,25.5,5.5,61.0,14.444444444444445
IA,2018,1,270.0,44000.0,2100.0,5.0,110.0,,0.3,0.6,0.6,1.1,1.4,5.3,4.7727272727272725
IA,2018,2,15500.0,47000.0,4300.0,9.0,4800.0,10.0,0.9,8.4,7.9,9.3,0.3,12.7,9.148936170212766
IA,2018,3,1200.0,57000.0,3600.0,6.0,990.0,2.0,8.5,1.9,0.4,9.8,0.4,29.9,6.315789473684211
IA,2018,4,630.0,21000.0,4200.0,20.0,80.0,,8.9,29.4,31.6,27.2,5.6,55.1,20.0
IA,2019,1,170.0,11500.0,1600.0,14.0,140.0,1.0,0.6,7.7,0.3,1.7,3.5,34.8,13.91304347826087
IA,2019,3,2000.0,33000.0,3400.0,10.0,4800.0,15.0,5.8,27.8,26.3,7.1,3.6,39.4,10.303030303030305
IA,2019,4,1500.0,32000.0,7500.0,23.0,530.0,2.0,5.6,19.7,25.2,17.8,4.2,61.0,23.4375
IA,2020,1,6000.0,17000.0,1600.0,9.0,420.0,2.0,0.0,5.7,,1.9,5.5,22.3,9.411764705882351
IA,2020,2,17000.0,29000.0,3600.0,12.0,4700.0,16.0,16.6,3.5,0.8,24.7,0.5,30.6,12.413793103448276
IA,2020,3,1100.0,38000.0,1800.0,5.0,2900.0,8.0,3.9,4.5,6.3,29.4,,49.1,4.7368421052631575
IA,2020,4,700.0,38000.0,4800.0,13.0,850.0,2.0,2.6,1.8,,0.9,1.4,39.8,12.63157894736842
IA,2021,1,1100.0,26000.0,2100.0,8.0,30.0,,,7.8,3.7,0.7,3.8,18.9,8.076923076923077
IA,2021,2,11000.0,29000.0,2200.0,8.0,3900.0,13.0,1.2,2.6,0.8,2.5,8.2,13.7,7.586206896551724
IA,2021,3,1000.0,54000.0,4500.0,8.0,130.0,,2.8,,5.9,1.6,2.2,7.5,8.333333333333334
IA,2021,4,170.0,51000.0,4000.0,8.0,90.0,,0.9,1.0,17.0,1.2,1.7,17.9,7.84313725490196
IA,2022,1,610.0,29000.0,2800.0,10.0,30.0,,0.7,1.6,0.9,13.0,5.1,29.7,9.655172413793103
IA,2022,2,5000.0,49000.0,2300.0,5.0,2400.0,5.0,1.6,4.6,0.9,1.1,5.7,49.3,4.6938775510204085
IA,2022,3,590.0,53000.0,650.0,1.0,830.0,2.0,2.4,2.4,2.1,3.1,2.1,5.1,1.2264150943396226
IA,2022,4,80.0,51000.0,1700.0,3.0,90.0,,0.9,1.4,2.3,1.3,2.9,6.7,3.3333333333333335
IA,2023,1,210.0,64000.0,1700.0,3.0,240.0,,1.3,1.4,2.2,1.0,3.2,26.9,2.65625
IA,2023,2,11500.0,69000.0,3400.0,5.0,2700.0,4.0,4.5,5.1,9.9,2.6,,17.9,4.927536231884058
IA,2023,3,670.0,71000.0,1800.0,3.0,720.0,1.0,,2.0,14.6,0.7,14.4,24.4,2.535211267605634
IA,2023,4,530.0,70000.0,1700.0,2.0,120.0,,,0.9,12.1,12.1,,19.1,2.4285714285714284
IA,2024,1,2700.0,59000.0,1900.0,3.0,0.0,0.0,0.7,3.2,,0.7,1.7,15.0,3.2203389830508473
IA,2024,2,6000.0,56000.0,3300.0,6.0,9000.0,16.0,3.3,7.8,,7.9,1.2,17.1,5.892857142857143
IA,2024,3,1000.0,55000.0,6000.0,11.0,1000.0,2.0,2.0,4.8,1.0,15.2,0.9,37.5,10.909090909090908
IA,2024,4,10.0,51000.0,4200.0,8.0,140.0,0.0,1.8,1.4,1.3,,3.6,9.8,8.235294117647058
IA,2025,1,7000.0,49000.0,3900.0,8.0,0.0,0.0,1.2,1.8,,,1.6,8.1,7.959183673469388
IA,2025,2,9000.0,56000.0,3700.0,7.0,8000.0,14.0,1.3,2.8,21.3,21.9,,15.4,6.607142857142857
ID,2015,1,2600.0,88000.0,3700.0,4.0,8000.0,9.0,12.5,8.9,4.8,6.7,4.9,39.8,4.204545454545454
ID,2015,2,16500.0,72000.0,6500.0,9.0,10500.0,15.0,6.5,13.7,6.0,6.7,0.3,25.5,9.02777777777778
ID,2015,3,5500.0,128000.0,14000.0,11.0,11500.0,9.0,1.7,2.2,10.0,5.2,6.4,46.8,10.9375
ID,2015,4,5500.0,145000.0,22000.0,15.0,5500.0,4.0,4.3,2.8,4.0,0.6,4.5,38.9,15.172413793103448
ID,2016,1,5500.0,98000.0,8500.0,9.0,3300.0,3.0,2.1,5.4,5.9,2.3,1.4,31.5,8.673469387755102
ID,2016,2,19000.0,80000.0,6000.0,8.0,5500.0,7.0,2.7,5.4,3.1,4.8,2.7,21.2,7.5
ID,2016,3,1900.0,131000.0,13000.0,10.0,2800.0,2.0,4.5,6.0,7.6,4.7,3.3,25.3,9.923664122137405
ID,2016,4,5000.0,143000.0,15500.0,11.0,420.0,0.0,4.8,4.2,0.2,0.8,3.0,31.9,10.839160839160838
ID,2017,1,2000.0,99000.0,8500.0,9.0,280.0,,42.3,1.7,21.2,42.3,0.4,74.2,8.585858585858587
ID,2017,2,22000.0,78000.0,10500.0,13.0,31000.0,40.0,4.0,7.8,8.3,6.4,4.8,30.5,13.461538461538462
ID,2017,3,9000.0,116000.0,12000.0,10.0,16500.0,14.0,6.7,9.5,15.5,19.1,5.1,53.7,10.344827586206897
ID,2017,4,10000.0,164000.0,9000.0,5.0,5000.0,3.0,17.7,1.7,14.9,16.9,0.2,34.0,5.487804878048781
ID,2018,1,2500.0,168000.0,22000.0,13.0,2600.0,2.0,0.8,3.4,3.4,5.7,0.4,28.3,13.095238095238097
ID,2018,2,14500.0,94000.0,6500.0,7.0,29000.0,31.0,3.0,4.1,18.5,3.7,4.4,51.6,6.914893617021277
ID,2018,3,15000.0,101000.0,14000.0,14.0,21000.0,21.0,14.6,13.8,26.5,5.4,5.7,83.6,13.86138613861386
ID,2018,4,9000.0,159000.0,15000.0,9.0,910.0,1.0,9.6,7.0,15.9,47.4,4.5,64.9,9.433962264150944
ID,2019,1,4600.0,145000.0,12500.0,9.0,1100.0,1.0,8.0,8.6,9.2,8.0,,24.5,8.620689655172415
ID,2019,3,8500.0,111000.0,10500.0,9.0,12500.0,11.0,21.7,18.5,9.9,15.4,0.8,59.9,9.45945945945946
ID,2019,4,1800.0,196000.0,15500.0,8.0,1000.0,1.0,5.4,9.9,10.5,4.3,1.1,20.3,7.908163265306122
ID,2020,1,4400.0,168000.0,18500.0,11.0,920.0,1.0,,2.1,2.8,0.8,1.9,10.4,11.011904761904765
ID,2020,2,22000.0,81000.0,18000.0,22.0,29000.0,36.0,11.1,6.9,8.6,10.9,5.8,44.2,22.22222222222222
ID,2020,3,18500.0,85000.0,11000.0,13.0,8500.0,10.0,6.7,9.0,10.9,2.6,3.8,45.0,12.941176470588236
ID,2020,4,8000.0,180000.0,19000.0,11.0,1700.0,1.0,4.3,4.8,4.8,8.9,5.4,52.1,10.555555555555555
ID,2021,1,11000.0,193000.0,14500.0,8.0,9000.0,5.0,0.0,1.6,8.9,9.9,1.5,30.0,7.512953367875648
ID,2021,2,40000.0,120000.0,19500.0,16.0,19000.0,16.0,5.4,2.0,9.9,1.9,6.2,31.9,16.25
ID,2021,3,7000.0,135000.0,3500.0,3.0,3000.0,2.0,2.6,7.0,7.0,1.8,1.5,55.2,2.592592592592593
ID,2021,4,250.0,230000.0,22000.0,10.0,4300.0,2.0,4.9,4.0,12.0,8.0,11.2,58.1,9.565217391304348
ID,2022,1,7500.0,215000.0,8000.0,4.0,1000.0,,,1.4,35.5,1.1,1.3,57.0,3.720930232558139
ID,2022,2,35000.0,111000.0,19000.0,17.0,8500.0,8.0,5.6,9.5,13.7,13.1,3.5,32.6,17.117117117117118
ID,2022,3,3500.0,112000.0,9500.0,8.0,12000.0,11.0,5.0,9.5,9.8,4.9,3.7,44.0,8.482142857142858
ID,2022,4,40000.0,154000.0,22000.0,14.0,6000.0,4.0,2.2,2.0,4.1,2.8,10.8,17.8,14.285714285714286
ID,2023,1,4000.0,167000.0,12500.0,7.0,8000.0,5.0,,1.2,5.3,2.8,6.0,12.1,7.485029940119761
ID,2023,2,22000.0,132000.0,7000.0,5.0,11000.0,8.0,5.9,1.3,5.7,6.7,1.4,40.9,5.303030303030303
ID,2023,3,1800.0,154000.0,8000.0,5.0,11000.0,7.0,4.4,1.8,1.7,3.1,1.7,18.3,5.194805194805195
ID,2023,4,1400.0,215000.0,4000.0,2.0,5000.0,2.0,10.2,0.8,8.3,1.0,1.2,55.3,1.8604651162790695
ID,2024,1,10200.0,195000.0,23000.0,12.0,760.0,0.0,6.0,5.7,0.0,5.4,1.0,27.4,11.794871794871796
ID,2024,2,8000.0,130000.0,8000.0,6.0,29000.0,22.0,3.0,12.2,1.2,6.6,,32.7,6.153846153846154
ID,2024,3,6500.0,155000.0,10000.0,6.0,12000.0,8.0,0.8,,3.9,,5.2,25.7,6.451612903225806
ID,2024,4,60.0,225000.0,25000.0,11.0,660.0,0.0,7.2,2.9,11.3,16.6,2.9,40.6,11.11111111111111
ID,2025,1,5000.0,200000.0,11000.0,6.0,3100.0,2.0,,14.9,14.5,,3.2,24.8,5.5
ID,2025,2,5600.0,132000.0,8000.0,6.0,15500.0,12.0,2.4,4.7,5.6,19.3,,27.2,6.0606060606060606
IL,2015,1,2300.0,10500.0,4200.0,40.0,390.0,4.0,0.7,12.6,0.4,6.9,11.6,12.3,40.0
IL,2015,2,6000.0,9500.0,1300.0,14.0,1500.0,16.0,0.2,2.3,2.5,3.7,2.4,10.3,13.68421052631579
IL,2015,3,1300.0,14000.0,1400.0,10.0,1100.0,8.0,0.6,3.4,0.4,3.0,1.0,7.7,10.0
IL,2015,4,0.0,14000.0,690.0,5.0,30.0,0.0,0.3,1.0,0.9,2.5,3.1,9.4,4.928571428571429
IL,2016,1,860.0,9500.0,1400.0,15.0,40.0,0.0,0.3,4.6,2.6,6.4,8.6,12.4,14.736842105263158
IL,2016,2,2200.0,9000.0,740.0,8.0,380.0,4.0,2.0,4.7,3.1,4.4,2.1,11.4,8.222222222222221
IL,2016,3,850.0,11000.0,1300.0,12.0,310.0,3.0,0.7,2.9,4.3,7.9,1.6,17.4,11.818181818181818
IL,2016,4,0.0,9000.0,720.0,8.0,0.0,0.0,1.2,3.9,5.6,11.7,4.8,27.8,8.0
IL,2017,1,3100.0,11000.0,2900.0,26.0,150.0,1.0,0.5,9.9,3.7,13.1,8.0,21.2,26.363636363636363
IL,2017,2,3600.0,12000.0,1200.0,10.0,1600.0,13.0,0.7,5.6,3.0,4.3,1.5,11.3,10.0
IL,2017,3,710.0,13000.0,1100.0,8.0,1200.0,9.0,2.8,4.6,2.8,14.2,3.3,29.9,8.461538461538462
IL,2017,4,140.0,13500.0,1800.0,13.0,460.0,3.0,0.8,4.9,7.9,10.2,4.9,28.9,13.333333333333334
IL,2018,1,1000.0,10500.0,2400.0,23.0,630.0,6.0,3.6,10.4,3.5,11.2,10.9,25.7,22.857142857142858
IL,2018,2,5000.0,10500.0,2300.0,22.0,2900.0,28.0,6.7,9.9,6.6,7.8,2.4,13.7,21.904761904761905
IL,2018,3,700.0,11000.0,660.0,6.0,420.0,4.0,2.1,1.5,5.1,10.6,7.0,21.2,6.0
IL,2018,4,600.0,12000.0,1400.0,12.0,350.0,3.0,2.4,6.9,2.8,13.1,5.7,27.2,11.666666666666666
IL,2019,1,210.0,9000.0,2300.0,26.0,80.0,1.0,3.1,15.5,0.7,14.7,10.1,33.3,25.555555555555557
IL,2019,3,460.0,13500.0,940.0,7.0,1300.0,10.0,0.7,5.5,2.5,8.3,11.5,35.9,6.962962962962963
IL,2019,4,1000.0,13000.0,1700.0,13.0,1500.0,12.0,1.1,8.9,3.4,27.3,8.9,28.9,13.076923076923077
IL,2020,1,2900.0,11500.0,2400.0,21.0,160.0,1.0,,7.3,0.0,8.9,10.0,17.2,20.869565217391305
IL,2020,2,4200.0,12000.0,1500.0,13.0,1700.0,14.0,1.0,11.9,8.3,8.2,4.0,23.5,12.5
IL,2020,3,770.0,14000.0,1400.0,10.0,690.0,5.0,1.8,6.6,4.9,15.6,8.4,28.1,10.0
IL,2020,4,330.0,13000.0,1700.0,13.0,410.0,3.0,1.1,2.7,2.9,9.8,6.9,26.4,13.076923076923077
IL,2021,1,2500.0,13000.0,3000.0,23.0,200.0,2.0,1.6,17.9,1.3,12.9,9.4,28.8,23.076923076923077
IL,2021,2,3700.0,13000.0,1100.0,8.0,2100.0,16.0,1.6,4.1,3.5,4.5,7.4,32.5,8.461538461538462
IL,2021,3,640.0,14500.0,680.0,5.0,1200.0,8.0,1.4,4.4,3.3,9.5,5.7,37.7,4.689655172413793
IL,2021,4,180.0,12500.0,1300.0,10.0,810.0,6.0,2.4,2.3,1.4,9.1,7.2,31.9,10.4
IL,2022,1,900.0,11500.0,2200.0,19.0,140.0,1.0,2.0,5.4,4.3,6.9,10.6,20.1,19.130434782608695
IL,2022,2,4300.0,9500.0,1100.0,12.0,2100.0,22.0,3.2,7.3,1.6,7.4,10.6,18.3,11.578947368421051
IL,2022,3,730.0,12500.0,1100.0,9.0,770.0,6.0,0.7,1.4,11.8,20.1,10.0,37.4,8.8
IL,2022,4,80.0,11000.0,1600.0,15.0,460.0,4.0,0.3,2.3,4.2,9.0,8.9,25.2,14.545454545454543
IL,2023,1,1800.0,9500.0,1800.0,19.0,320.0,3.0,0.6,10.5,0.9,9.0,10.0,21.5,18.94736842105263
IL,2023,2,3300.0,9500.0,530.0,6.0,700.0,7.0,3.2,6.7,6.8,13.3,3.7,25.6,5.578947368421052
IL,2023,3,360.0,12000.0,950.0,8.0,870.0,7.0,1.2,2.6,5.0,12.2,4.7,35.9,7.916666666666667
IL,2023,4,200.0,11000.0,740.0,7.0,210.0,2.0,0.5,2.8,5.8,15.8,4.7,32.3,6.7272727272727275
IL,2024,1,2500.0,10500.0,2300.0,22.0,300.0,3.0,2.4,2.5,4.6,13.9,11.5,34.6,21.904761904761905
IL,2024,2,4000.0,8500.0,800.0,9.0,1700.0,20.0,0.6,3.6,0.6,13.4,3.2,32.0,9.411764705882351
IN,2015,1,490.0,9500.0,2100.0,22.0,120.0,1.0,0.2,22.3,0.3,0.3,11.7,20.7,22.105263157894736
IN,2015,2,4900.0,12500.0,1300.0,10.0,4300.0,34.0,7.0,4.4,0.5,1.8,2.0,15.4,10.4
IN,2015,3,1400.0,15000.0,1600.0,11.0,420.0,3.0,4.8,1.0,8.2,10.3,6.2,13.7,10.666666666666666
IN,2015,4,140.0,11500.0,1100.0,10.0,0.0,0.0,6.3,0.6,0.1,0.5,3.7,15.1,9.565217391304348
IN,2016,1,30.0,6500.0,770.0,12.0,0.0,0.0,0.9,7.2,0.3,3.7,5.5,17.4,11.846153846153848
IN,2016,2,2700.0,7000.0,220.0,3.0,900.0,13.0,0.0,2.8,2.1,2.9,4.3,12.5,3.142857142857143
IN,2016,3,450.0,9500.0,600.0,6.0,550.0,6.0,1.2,2.5,0.6,12.4,1.2,50.4,6.315789473684211
IN,2016,4,20.0,7500.0,1200.0,16.0,0.0,0.0,0.2,1.0,1.4,9.6,3.8,28.2,16.0
IN,2017,1,1700.0,7500.0,1900.0,25.0,70.0,1.0,5.2,10.4,4.1,8.0,7.1,15.8,25.333333333333332
IN,2017,2,3000.0,11000.0,1200.0,11.0,510.0,5.0,0.1,8.6,43.3,2.1,1.2,5.5,10.909090909090908
IN,2017,3,420.0,13000.0,930.0,7.0,740.0,6.0,0.4,3.8,3.9,5.9,2.0,13.9,7.153846153846154
IN,2017,4,320.0,11500.0,1700.0,15.0,100.0,1.0,1.7,3.9,0.7,5.6,8.0,23.5,14.782608695652174
IN,2018,1,300.0,8000.0,1000.0,13.0,30.0,,3.0,9.9,0.5,8.3,3.7,33.4,12.5
IN,2018,2,4000.0,9500.0,1800.0,19.0,730.0,8.0,0.4,1.3,4.5,3.5,1.1,78.0,18.94736842105263
IN,2018,3,520.0,11500.0,990.0,9.0,1200.0,10.0,1.4,5.0,20.6,12.2,0.5,29.5,8.608695652173912
IN,2018,4,40.0,9000.0,3300.0,37.0,1200.0,13.0,23.8,35.4,64.6,21.3,2.3,51.3,36.666666666666664
IN,2019,1,440.0,6000.0,710.0,12.0,280.0,5.0,2.6,7.1,5.5,8.8,1.7,15.6,11.833333333333334
IN,2019,3,2200.0,16000.0,1000.0,6.0,1500.0,9.0,3.0,19.2,23.1,15.2,1.4,55.7,6.25
IN,2019,4,160.0,17500.0,1300.0,7.0,180.0,1.0,2.6,1.6,6.7,15.0,0.6,20.7,7.428571428571429
IN,2020,1,1500.0,11000.0,1600.0,15.0,420.0,4.0,,1.9,2.9,0.5,6.2,8.2,14.545454545454543
IN,2020,2,4500.0,12000.0,920.0,8.0,1800.0,15.0,1.8,5.4,20.2,12.5,1.5,26.8,7.666666666666667
IN,2020,3,1200.0,15000.0,1600.0,11.0,2700.0,18.0,1.7,0.7,24.5,12.0,1.3,41.4,10.666666666666666
IN,2020,4,240.0,11000.0,930.0,8.0,260.0,2.0,,2.4,1.9,4.1,5.7,26.3,8.454545454545455
IN,2021,1,2400.0,11000.0,2600.0,24.0,20.0,,0.0,4.8,0.7,5.4,4.4,34.1,23.636363636363637
IN,2021,2,4000.0,13000.0,560.0,4.0,1000.0,8.0,0.6,6.1,7.0,7.3,1.3,22.8,4.3076923076923075
IN,2021,3,770.0,16500.0,1700.0,10.0,1400.0,8.0,5.2,1.9,17.4,23.7,2.3,39.3,10.303030303030305
IN,2021,4,130.0,14500.0,1700.0,12.0,2400.0,17.0,11.3,1.5,21.3,19.6,1.9,43.6,11.724137931034482
IN,2022,1,1300.0,9500.0,2900.0,31.0,30.0,,1.7,9.7,3.6,11.5,5.9,28.5,30.526315789473685
IN,2022,2,5500.0,10000.0,1600.0,16.0,620.0,6.0,0.5,7.2,4.2,5.0,4.7,28.1,16.0
IN,2022,3,370.0,14000.0,650.0,5.0,1300.0,9.0,,2.9,41.2,4.7,2.3,49.8,4.642857142857143
IN,2022,4,300.0,12500.0,2200.0,18.0,1200.0,10.0,18.2,17.1,20.7,23.4,14.8,43.1,17.6
IN,2023,1,300.0,10000.0,1300.0,13.0,40.0,,,6.0,0.0,4.5,2.3,24.8,13.0
IN,2023,2,4100.0,10500.0,320.0,3.0,1500.0,14.0,1.6,18.3,7.4,5.6,3.0,23.8,3.047619047619047
IN,2023,3,150.0,15500.0,440.0,3.0,1100.0,7.0,1.8,1.8,8.7,12.1,0.5,40.9,2.838709677419355
IN,2023,4,150.0,15000.0,4100.0,27.0,620.0,4.0,5.8,2.0,8.4,32.8,,47.5,27.333333333333332
IN,2024,1,2510.0,11000.0,410.0,4.0,0.0,0.0,0.0,3.3,0.0,3.2,,53.3,3.727272727272727
IN,2024,2,3200.0,12500.0,420.0,3.0,1000.0,8.0,,1.8,0.0,13.6,1.7,21.9,3.36
KS,2015,1,450.0,7000.0,1600.0,23.0,70.0,1.0,1.1,9.5,14.2,1.3,3.4,32.7,22.857142857142858
KS,2015,2,2800.0,7000.0,670.0,10.0,420.0,6.0,0.9,3.5,0.1,2.4,4.9,14.4,9.571428571428571
KS,2015,3,100.0,9500.0,1000.0,11.0,160.0,2.0,0.2,14.8,14.1,16.2,1.7,22.5,10.526315789473683
KS,2015,4,50.0,8500.0,3400.0,40.0,20.0,0.0,0.2,33.9,25.1,24.8,19.0,44.5,40.0
KS,2016,1,1400.0,5000.0,1100.0,22.0,100.0,2.0,0.1,2.4,1.1,10.0,5.4,30.3,22.0
KS,2016,2,3000.0,6000.0,960.0,16.0,900.0,15.0,2.8,3.7,8.3,11.6,1.8,47.3,16.0
KS,2016,3,310.0,8000.0,2600.0,33.0,190.0,2.0,14.1,4.5,29.1,25.5,2.6,42.8,32.5
KS,2016,4,200.0,5000.0,1300.0,26.0,0.0,0.0,0.3,5.1,3.1,8.3,1.4,29.2,26.0
KS,2017,1,930.0,3800.0,1000.0,26.0,380.0,10.0,0.0,16.4,3.6,3.0,14.3,47.2,26.31578947368421
KS,2017,2,2500.0,6000.0,390.0,7.0,870.0,15.0,0.7,1.7,22.6,8.5,6.4,17.3,6.5
KS,2017,3,1400.0,7000.0,1700.0,24.0,1000.0,14.0,14.8,1.1,20.3,52.6,7.4,65.4,24.285714285714285
KS,2017,4,140.0,6500.0,830.0,13.0,40.0,1.0,3.3,0.6,8.6,7.7,10.2,17.9,12.76923076923077
KS,2018,1,370.0,3700.0,950.0,26.0,410.0,11.0,1.0,27.9,4.3,20.3,9.1,63.0,25.675675675675677
KS,2018,2,3500.0,3900.0,300.0,8.0,2100.0,54.0,1.3,2.1,24.9,31.6,1.6,42.8,7.6923076923076925
KS,2018,3,300.0,6000.0,950.0,16.0,180.0,3.0,6.6,23.7,8.0,51.1,7.9,76.8,15.833333333333334
KS,2018,4,420.0,5500.0,1000.0,18.0,10.0,,26.0,1.6,43.7,31.3,26.4,62.0,18.181818181818183
KS,2019,1,370.0,4500.0,1500.0,33.0,110.0,2.0,2.5,21.6,12.2,7.8,4.0,86.9,33.333333333333336
KS,2019,3,190.0,7500.0,1900.0,25.0,400.0,5.0,21.8,1.2,23.9,33.8,0.5,67.5,25.333333333333332
KS,2019,4,190.0,4900.0,650.0,13.0,460.0,9.0,11.9,0.4,43.4,15.0,14.4,65.8,13.26530612244898
KS,2020,1,2000.0,6500.0,760.0,12.0,130.0,2.0,7.8,3.1,7.8,8.1,11.3,13.3,11.692307692307692
KS,2020,2,1900.0,8000.0,680.0,9.0,1800.0,23.0,24.0,28.9,32.8,34.1,14.3,68.4,8.5
KS,2020,3,600.0,7000.0,910.0,13.0,730.0,10.0,15.6,2.1,34.1,24.8,,93.8,13.0
KS,2020,4,460.0,7000.0,2400.0,34.0,170.0,2.0,1.2,26.4,33.3,30.3,25.9,37.7,34.285714285714285
KS,2021,1,1000.0,8000.0,1400.0,18.0,10.0,,0.0,19.1,0.0,2.8,2.2,25.7,17.5
KS,2021,2,4800.0,8000.0,1900.0,24.0,1600.0,20.0,7.2,1.5,8.6,21.6,6.5,47.8,23.75
KS,2021,3,500.0,9000.0,1600.0,18.0,1300.0,14.0,10.1,17.7,14.9,31.1,14.7,66.8,17.77777777777778
KS,2021,4,140.0,8000.0,2100.0,26.0,50.0,1.0,1.5,14.6,15.5,20.1,13.9,30.5,26.25
KS,2022,1,240.0,5000.0,520.0,10.0,60.0,1.0,3.7,4.2,1.7,21.8,5.1,37.8,10.4
KS,2022,2,5500.0,4900.0,720.0,15.0,580.0,12.0,1.7,23.0,21.1,1.0,1.9,41.6,14.693877551020408
KS,2022,3,370.0,7000.0,1000.0,14.0,140.0,2.0,2.7,2.4,30.8,7.3,17.3,50.6,14.285714285714286
KS,2022,4,100.0,6000.0,860.0,14.0,130.0,2.0,0.0,30.1,0.8,2.7,1.8,70.0,14.333333333333334
KS,2023,1,940.0,3900.0,490.0,13.0,20.0,1.0,0.8,8.9,5.4,2.7,2.7,20.9,12.564102564102564
KS,2023,2,1600.0,3300.0,760.0,23.0,360.0,11.0,0.1,3.0,24.0,2.2,3.0,38.1,23.03030303030303
KS,2023,3,150.0,5500.0,400.0,7.0,80.0,1.0,0.7,5.1,20.3,23.6,1.0,70.8,7.272727272727272
KS,2023,4,110.0,3300.0,800.0,24.0,40.0,1.0,0.0,41.5,43.2,51.4,41.3,63.6,24.24242424242424
KS,2024,1,1200.0,4500.0,270.0,6.0,10.0,0.0,0.7,15.5,1.0,2.0,2.7,23.5,6.0
KS,2024,2,2200.0,6000.0,740.0,12.0,960.0,16.0,2.2,1.4,21.5,5.8,2.7,42.0,12.333333333333334
KY,2015,1,250.0,10500.0,4100.0,39.0,0.0,0.0,2.5,22.7,2.5,10.7,12.9,10.8,39.04761904761905
KY,2015,2,3600.0,8500.0,980.0,12.0,1500.0,18.0,5.3,9.5,1.8,18.2,2.9,21.7,11.529411764705882
KY,2015,3,170.0,10000.0,1300.0,13.0,550.0,6.0,1.2,9.0,6.5,11.3,2.0,40.4,13.0
KY,2015,4,20.0,8500.0,1100.0,13.0,10.0,0.0,0.4,7.2,9.8,14.8,1.7,22.2,12.941176470588236
KY,2016,1,390.0,6500.0,1300.0,20.0,40.0,1.0,0.7,12.5,6.3,9.0,8.4,23.6,20.0
KY,2016,2,2100.0,6000.0,450.0,8.0,270.0,5.0,1.7,16.0,28.4,36.1,3.8,38.9,7.5
KY,2016,3,900.0,7500.0,1000.0,13.0,230.0,3.0,0.9,7.4,11.5,25.7,4.5,42.3,13.333333333333334
KY,2016,4,60.0,7500.0,950.0,13.0,80.0,1.0,3.3,10.3,3.0,22.3,5.7,48.2,12.666666666666666
KY,2017,1,950.0,7000.0,1300.0,19.0,430.0,6.0,0.4,16.0,3.8,11.5,7.5,31.9,18.571428571428573
KY,2017,2,3100.0,7500.0,900.0,12.0,590.0,8.0,1.0,4.3,4.5,11.6,4.9,25.7,12.0
KY,2017,3,450.0,9000.0,1600.0,18.0,700.0,8.0,4.6,10.3,0.6,39.2,6.2,46.4,17.77777777777778
KY,2017,4,50.0,7500.0,870.0,12.0,120.0,2.0,0.5,5.6,6.5,24.4,19.1,54.3,11.6
KY,2018,1,760.0,5500.0,1200.0,22.0,20.0,,0.9,8.0,11.0,29.6,5.9,43.0,21.818181818181817
KY,2018,2,1500.0,6000.0,910.0,15.0,560.0,9.0,0.6,4.1,1.0,20.2,5.9,40.9,15.166666666666666
KY,2018,3,300.0,7000.0,840.0,12.0,660.0,9.0,1.6,4.5,1.5,26.5,7.6,47.1,12.0
KY,2018,4,60.0,7000.0,2000.0,29.0,430.0,6.0,1.2,5.5,6.8,41.9,4.3,57.1,28.571428571428573
KY,2019,1,60.0,4400.0,890.0,20.0,30.0,1.0,0.1,10.7,5.3,12.9,4.6,21.6,20.227272727272727
KY,2019,3,700.0,8500.0,850.0,10.0,430.0,5.0,0.4,7.9,5.2,17.6,8.6,29.2,10.0
KY,2019,4,190.0,8500.0,410.0,5.0,170.0,2.0,0.2,12.0,5.3,20.1,9.9,33.0,4.823529411764706
KY,2020,1,1400.0,11000.0,1200.0,11.0,120.0,1.0,2.0,7.6,,2.6,6.5,17.4,10.909090909090908
KY,2020,2,4200.0,11000.0,1200.0,11.0,3500.0,32.0,,2.9,1.2,10.9,3.2,18.3,10.909090909090908
KY,2020,3,800.0,12000.0,1400.0,12.0,510.0,4.0,1.4,2.4,1.6,4.0,5.1,23.3,11.666666666666666
KY,2020,4,380.0,11500.0,1100.0,10.0,520.0,5.0,0.0,8.2,0.0,8.8,9.0,23.8,9.565217391304348
KY,2021,1,1000.0,11000.0,2100.0,19.0,80.0,1.0,,5.1,0.0,16.9,9.3,27.5,19.09090909090909
KY,2021,2,2100.0,11500.0,270.0,2.0,4500.0,39.0,1.0,4.2,2.2,4.0,2.6,21.5,2.347826086956522
KY,2021,3,900.0,10500.0,1100.0,10.0,740.0,7.0,0.6,1.2,,18.2,11.0,39.4,10.476190476190476
KY,2021,4,120.0,10500.0,880.0,8.0,460.0,4.0,2.3,13.2,,39.0,12.0,54.1,8.380952380952381
KY,2022,1,50.0,9500.0,1300.0,14.0,160.0,2.0,3.0,5.6,2.8,3.9,11.0,15.6,13.68421052631579
KY,2022,2,3600.0,10500.0,610.0,6.0,460.0,4.0,10.7,2.5,2.4,15.1,18.9,39.9,5.809523809523809
KY,2022,3,980.0,13500.0,820.0,6.0,1400.0,10.0,0.0,17.5,0.0,17.2,22.3,26.1,6.074074074074074
KY,2022,4,130.0,15500.0,2300.0,15.0,630.0,4.0,0.0,6.6,,5.2,10.2,20.3,14.838709677419354
KY,2023,1,260.0,10500.0,1100.0,10.0,80.0,1.0,,3.2,1.7,5.9,9.4,10.9,10.476190476190476
KY,2023,2,1000.0,9500.0,550.0,6.0,450.0,5.0,0.9,0.7,1.2,2.8,5.5,8.3,5.7894736842105265
KY,2023,3,660.0,8000.0,740.0,9.0,540.0,7.0,2.1,5.0,7.2,9.6,3.3,35.4,9.25
KY,2023,4,270.0,8000.0,860.0,11.0,660.0,8.0,0.0,4.7,11.8,10.9,3.2,28.7,10.75
KY,2024,1,500.0,16000.0,660.0,4.0,10.0,0.0,4.6,1.9,2.8,7.3,5.5,9.0,4.125
KY,2024,2,930.0,15000.0,1200.0,8.0,550.0,4.0,2.0,,2.7,3.0,5.0,42.0,8.0
LA,2015,1,3100.0,51000.0,8000.0,16.0,6500.0,13.0,4.3,3.1,1.7,4.7,2.1,17.2,15.68627450980392
LA,2015,2,6500.0,45000.0,1800.0,4.0,8000.0,18.0,0.2,5.0,1.1,3.7,0.5,36.4,4.0
LA,2015,3,2300.0,55000.0,2000.0,4.0,1800.0,3.0,0.0,3.0,1.6,2.3,0.2,25.9,3.636363636363636
LA,2015,4,1100.0,71000.0,4900.0,7.0,2400.0,3.0,0.0,2.4,0.6,1.0,0.2,10.9,6.901408450704225
LA,2016,1,9500.0,55000.0,11000.0,20.0,2600.0,5.0,18.6,12.4,0.4,14.2,1.9,22.8,20.0
LA,2016,2,10000.0,53000.0,4300.0,8.0,9500.0,18.0,0.0,1.2,0.3,1.1,0.6,20.7,8.11320754716981
LA,2016,3,2600.0,60000.0,7000.0,12.0,2100.0,4.0,0.0,9.6,1.6,26.1,0.7,39.5,11.666666666666666
LA,2016,4,250.0,57000.0,2000.0,4.0,340.0,1.0,1.0,0.7,0.1,1.0,1.2,2.9,3.508771929824561
LA,2017,1,11000.0,47000.0,2700.0,6.0,1900.0,4.0,0.1,4.3,1.8,9.6,1.8,25.8,5.74468085106383
LA,2017,2,4100.0,62000.0,2600.0,4.0,8000.0,13.0,0.0,1.5,1.6,3.1,0.7,23.2,4.193548387096774
LA,2017,3,14500.0,64000.0,13500.0,21.0,34000.0,53.0,0.3,4.0,1.6,74.5,14.9,59.2,21.09375
LA,2017,4,390.0,60000.0,2700.0,5.0,1900.0,3.0,0.3,2.1,0.6,26.6,10.4,31.5,4.5
LA,2018,1,4100.0,52000.0,3600.0,7.0,320.0,1.0,0.2,4.5,0.7,0.7,1.6,4.9,6.923076923076923
LA,2018,2,4900.0,48000.0,1400.0,3.0,4000.0,8.0,0.2,1.2,0.8,5.9,1.3,8.1,2.9166666666666665
LA,2018,3,1600.0,53000.0,1900.0,4.0,2300.0,4.0,0.2,1.0,1.7,29.9,1.6,31.3,3.5849056603773586
LA,2018,4,130.0,52000.0,2600.0,5.0,200.0,,0.3,1.0,5.9,6.7,1.7,16.6,5.0
LA,2019,1,9000.0,51000.0,3500.0,7.0,16000.0,31.0,0.1,1.0,0.3,1.3,0.7,57.8,6.862745098039215
LA,2019,3,4400.0,44000.0,4100.0,9.0,13000.0,30.0,0.4,2.5,57.0,66.8,2.7,67.1,9.318181818181818
LA,2019,4,70.0,46000.0,2300.0,5.0,80.0,,3.5,6.1,0.7,18.5,0.9,33.0,5.0
LA,2020,1,9000.0,48000.0,4800.0,10.0,20000.0,42.0,0.7,1.4,1.2,7.0,0.6,26.5,10.0
LA,2020,2,2300.0,53000.0,1800.0,3.0,4700.0,9.0,0.5,3.5,,4.7,1.3,23.7,3.39622641509434
LA,2020,3,1200.0,48000.0,2600.0,5.0,3100.0,6.0,4.7,3.6,0.8,14.4,3.4,27.2,5.416666666666667
LA,2020,4,30.0,52000.0,1700.0,3.0,620.0,1.0,0.0,2.9,,2.9,,22.2,3.269230769230769
LA,2021,1,3600.0,53000.0,7000.0,13.0,3000.0,6.0,0.0,10.0,1.6,3.8,1.1,62.1,13.20754716981132
LA,2021,2,8000.0,29000.0,2300.0,8.0,2000.0,7.0,,10.6,,3.7,0.9,29.1,7.931034482758621
LA,2021,3,1300.0,31000.0,2300.0,7.0,2800.0,9.0,0.0,0.6,0.0,2.3,6.0,8.0,7.419354838709677
LA,2021,4,1400.0,36000.0,2800.0,8.0,1300.0,4.0,0.0,,,5.4,5.3,28.2,7.777777777777778
LA,2022,1,11000.0,37000.0,6000.0,16.0,2200.0,6.0,0.0,0.6,0.0,48.1,7.6,61.1,16.216216216216218
LA,2022,2,9500.0,42000.0,1900.0,5.0,11500.0,27.0,4.8,2.4,4.8,9.9,2.5,31.9,4.523809523809524
LA,2022,3,4900.0,55000.0,4500.0,8.0,3100.0,6.0,0.9,1.9,,17.0,3.9,51.9,8.181818181818182
LA,2022,4,170.0,34000.0,3100.0,9.0,640.0,2.0,1.2,5.2,2.1,9.1,0.9,18.5,9.117647058823527
LA,2023,1,6000.0,38000.0,4800.0,13.0,3700.0,10.0,2.4,2.9,2.0,10.0,6.0,48.2,12.63157894736842
LA,2023,2,4400.0,44000.0,2700.0,6.0,9000.0,20.0,,24.7,17.5,3.6,0.8,32.0,6.136363636363637
LA,2023,3,4600.0,46000.0,3300.0,7.0,6000.0,13.0,,5.6,0.0,20.5,2.0,29.4,7.173913043478261
LA,2023,4,1100.0,44000.0,1700.0,4.0,3200.0,7.0,0.0,1.7,1.1,1.1,1.4,10.1,3.863636363636364
LA,2024,1,5500.0,44000.0,8500.0,19.0,2300.0,5.0,3.1,5.5,3.5,2.8,4.7,11.0,19.318181818181817
LA,2024,2,9000.0,46000.0,1900.0,4.0,300.0,1.0,0.0,17.0,1.0,1.6,1.1,7.7,4.130434782608695
LA,2024,3,6000.0,48000.0,6500.0,14.0,1700.0,4.0,,,1.7,2.2,2.6,17.8,13.541666666666666
LA,2024,4,50.0,48000.0,10000.0,21.0,320.0,1.0,0.0,,1.2,2.0,4.1,8.7,20.833333333333332
LA,2025,1,8500.0,80000.0,6500.0,8.0,3900.0,5.0,0.0,12.9,5.0,11.3,20.6,23.0,8.125
LA,2025,2,8000.0,81000.0,15500.0,19.0,11500.0,14.0,1.5,9.0,5.3,3.2,,10.2,19.135802469135804
MA,2015,1,260.0,4600.0,1000.0,22.0,120.0,3.0,2.1,7.6,2.8,3.5,4.7,23.5,21.73913043478261
MA,2015,2,940.0,14000.0,320.0,2.0,510.0,4.0,0.2,4.4,61.8,61.7,3.1,66.8,2.2857142857142856
MA,2015,3,290.0,7500.0,560.0,8.0,400.0,5.0,0.4,2.5,2.1,2.9,0.3,16.3,7.466666666666667
MA,2015,4,30.0,4500.0,260.0,6.0,30.0,1.0,6.2,2.6,1.9,1.6,1.1,31.4,5.777777777777778
MA,2016,1,1200.0,3000.0,370.0,12.0,140.0,5.0,0.7,3.1,0.0,5.2,1.1,10.1,12.333333333333334
MA,2016,2,1100.0,8500.0,300.0,4.0,440.0,5.0,0.3,2.3,10.6,10.6,11.9,40.5,3.5294117647058822
MA,2016,3,450.0,9500.0,530.0,6.0,40.0,0.0,6.8,3.4,0.1,8.7,7.9,14.1,5.578947368421052
MA,2016,4,0.0,8000.0,740.0,9.0,0.0,0.0,0.4,0.7,0.4,2.6,4.2,6.1,9.25
MA,2017,1,120.0,3300.0,1500.0,45.0,110.0,3.0,3.0,10.5,4.5,5.6,5.6,32.5,45.45454545454545
MA,2017,2,1400.0,8000.0,140.0,2.0,490.0,6.0,12.9,0.4,11.0,12.5,1.6,14.8,1.75
MA,2017,3,790.0,9000.0,760.0,8.0,460.0,5.0,0.7,0.8,2.3,0.9,0.1,82.0,8.444444444444445
MA,2017,4,120.0,6000.0,1100.0,18.0,550.0,9.0,6.7,1.5,2.7,1.2,0.3,13.2,18.333333333333332
MA,2018,1,240.0,3700.0,1000.0,27.0,290.0,8.0,0.8,9.6,0.8,1.1,7.4,19.6,27.027027027027028
MA,2018,2,910.0,8000.0,260.0,3.0,350.0,4.0,1.0,2.0,1.4,1.1,2.1,6.3,3.25
MA,2018,3,850.0,10000.0,2200.0,22.0,730.0,7.0,10.7,1.1,10.1,11.2,10.3,75.9,22.0
MA,2018,4,110.0,4900.0,650.0,13.0,320.0,7.0,8.1,3.4,9.4,9.2,5.3,33.2,13.26530612244898
MA,2019,1,60.0,3800.0,680.0,18.0,20.0,1.0,0.0,6.3,4.3,0.0,0.9,10.3,17.894736842105264
MA,2019,3,800.0,13500.0,1100.0,8.0,560.0,4.0,0.2,0.7,,2.9,7.3,13.0,8.148148148148149
MA,2019,4,60.0,5000.0,1200.0,24.0,130.0,3.0,0.8,1.1,0.0,0.2,10.7,7.6,24.0
MA,2020,1,1100.0,3800.0,470.0,12.0,100.0,3.0,1.8,4.5,,0.5,2.2,13.9,12.36842105263158
MA,2020,2,870.0,13500.0,630.0,5.0,540.0,4.0,,1.1,,2.1,,14.7,4.666666666666667
MA,2020,3,840.0,11000.0,330.0,3.0,810.0,7.0,1.5,1.2,0.8,1.6,0.7,29.7,3.0
MA,2020,4,270.0,10000.0,390.0,4.0,90.0,1.0,,,,1.2,0.9,17.4,3.9
MA,2021,1,30.0,5000.0,980.0,20.0,90.0,2.0,1.0,7.8,0.5,3.6,4.5,28.9,19.6
MA,2021,2,2000.0,12000.0,810.0,7.0,310.0,3.0,,,34.0,34.3,0.0,45.5,6.75
MA,2021,3,1700.0,13000.0,1100.0,8.0,1200.0,9.0,0.6,0.5,1.5,8.7,4.5,23.0,8.461538461538462
MA,2021,4,20.0,10500.0,290.0,3.0,50.0,,0.5,,0.0,,0.6,5.4,2.761904761904762
MA,2022,1,350.0,6000.0,950.0,16.0,510.0,9.0,0.7,1.6,0.0,2.9,2.7,13.4,15.833333333333334
MA,2022,2,1200.0,10500.0,270.0,3.0,890.0,8.0,1.3,0.8,0.5,1.2,0.5,4.7,2.5714285714285716
MA,2022,3,350.0,9000.0,400.0,4.0,610.0,7.0,1.5,7.5,,4.9,,20.8,4.444444444444445
MA,2022,4,140.0,6000.0,260.0,4.0,160.0,3.0,3.0,10.6,1.5,0.7,2.0,29.8,4.333333333333333
MA,2023,1,200.0,8000.0,820.0,10.0,80.0,1.0,1.5,5.2,0.0,2.7,1.8,9.6,10.25
MA,2023,2,1300.0,10500.0,1500.0,14.0,510.0,5.0,0.7,10.6,,,1.6,28.2,14.285714285714286
MA,2023,3,160.0,9000.0,380.0,4.0,470.0,5.0,1.8,0.7,0.0,3.3,0.7,17.4,4.222222222222222
MA,2023,4,40.0,5500.0,590.0,11.0,70.0,1.0,4.6,0.5,,0.6,,8.8,10.727272727272728
MA,2024,1,500.0,5600.0,650.0,12.0,640.0,11.0,,0.6,0.0,0.8,2.6,3.7,11.607142857142858
MA,2024,2,790.0,5500.0,220.0,4.0,630.0,11.0,0.5,2.1,0.0,0.8,,6.6,4.0
MD,2015,1,1600.0,10000.0,4100.0,41.0,870.0,9.0,0.4,24.2,0.0,1.8,12.4,10.1,41.0
MD,2015,2,2600.0,11000.0,370.0,3.0,710.0,7.0,0.2,1.6,2.5,1.3,1.5,4.9,3.363636363636364
MD,2015,3,730.0,7500.0,680.0,9.0,70.0,1.0,2.9,7.1,22.8,19.1,2.0,26.9,9.066666666666666
MD,2015,4,0.0,9500.0,730.0,8.0,0.0,0.0,0.1,0.2,0.0,2.0,4.3,5.6,7.684210526315789
MD,2016,1,1200.0,7500.0,820.0,11.0,10.0,0.0,0.0,6.7,9.5,0.1,0.7,26.2,10.933333333333334
MD,2016,2,2800.0,9000.0,320.0,4.0,400.0,4.0,2.4,3.3,2.9,2.3,0.6,4.2,3.5555555555555554
MD,2016,3,400.0,7000.0,200.0,3.0,20.0,0.0,0.1,0.6,0.7,4.8,1.6,10.8,2.857142857142857
MD,2016,4,20.0,9500.0,500.0,5.0,30.0,0.0,4.5,5.8,4.6,8.3,0.6,23.8,5.2631578947368425
MD,2017,1,770.0,9000.0,2100.0,23.0,260.0,3.0,1.0,11.9,1.0,3.3,4.3,11.3,23.333333333333332
MD,2017,2,3400.0,9500.0,190.0,2.0,930.0,10.0,0.8,2.1,0.3,6.9,1.1,3.3,2.0
MD,2017,3,1300.0,8500.0,1600.0,19.0,600.0,7.0,0.7,5.1,1.6,10.1,9.1,8.8,18.823529411764707
MD,2017,4,20.0,10500.0,1300.0,12.0,410.0,4.0,0.2,1.8,1.1,3.1,7.8,7.9,12.38095238095238
MD,2018,1,400.0,8000.0,1600.0,20.0,190.0,2.0,4.4,14.3,1.5,5.6,3.1,18.2,20.0
MD,2018,2,2400.0,8000.0,370.0,5.0,1200.0,15.0,0.8,4.4,0.3,3.4,0.4,11.8,4.625
MD,2018,3,580.0,7500.0,360.0,5.0,680.0,9.0,0.3,1.1,0.6,6.0,3.8,11.7,4.8
MD,2018,4,60.0,9000.0,690.0,8.0,90.0,1.0,0.3,4.9,1.2,5.3,1.7,16.6,7.666666666666667
MD,2019,1,30.0,8000.0,2300.0,29.0,10.0,,0.2,10.1,,5.1,2.4,12.6,28.75
MD,2019,3,720.0,7500.0,790.0,11.0,1200.0,16.0,0.0,5.1,0.3,2.7,1.4,26.7,10.533333333333331
MD,2019,4,390.0,8000.0,1100.0,14.0,420.0,5.0,1.8,0.3,0.0,4.5,5.0,12.6,13.75
MD,2020,1,1900.0,7000.0,1900.0,27.0,30.0,,,8.5,0.0,1.5,2.4,19.9,27.142857142857142
MD,2020,2,4400.0,8000.0,670.0,8.0,1700.0,21.0,0.1,3.2,1.1,1.1,0.5,14.3,8.375
MD,2020,3,1200.0,7500.0,690.0,9.0,220.0,3.0,,0.6,,4.8,2.9,17.6,9.2
MD,2020,4,60.0,8000.0,980.0,12.0,460.0,6.0,1.5,6.2,0.7,1.8,2.1,27.5,12.25
MD,2021,1,1300.0,7000.0,1800.0,26.0,240.0,3.0,0.0,19.7,,1.1,2.7,34.6,25.714285714285715
MD,2021,2,2600.0,7500.0,320.0,4.0,690.0,9.0,,2.0,0.6,8.9,1.4,17.2,4.266666666666667
MD,2021,3,300.0,6000.0,490.0,8.0,170.0,3.0,,0.7,0.5,13.6,1.5,20.0,8.166666666666666
MD,2021,4,1200.0,6000.0,720.0,12.0,,0.0,,3.1,0.0,12.2,0.7,21.2,12.0
MD,2022,1,1100.0,8500.0,1900.0,22.0,1000.0,12.0,0.6,12.1,2.3,7.4,13.6,23.7,22.352941176470587
MD,2022,2,1600.0,8500.0,390.0,5.0,1100.0,13.0,2.4,14.7,0.8,7.9,1.7,19.9,4.588235294117647
MD,2022,3,600.0,4800.0,510.0,11.0,1300.0,27.0,4.6,3.4,4.5,36.1,3.1,61.9,10.625
MD,2022,4,1400.0,5000.0,520.0,10.0,20.0,,0.9,13.4,0.6,10.9,2.2,40.9,10.4
MD,2023,1,670.0,6000.0,1100.0,18.0,140.0,2.0,2.5,7.3,0.0,4.7,3.9,16.4,18.333333333333332
MD,2023,2,710.0,5500.0,200.0,4.0,730.0,13.0,0.6,0.8,,0.9,,18.8,3.636363636363636
MD,2023,3,400.0,4200.0,170.0,4.0,840.0,20.0,0.0,4.1,4.1,13.4,1.6,32.9,4.0476190476190474
MD,2023,4,500.0,6500.0,1900.0,29.0,340.0,5.0,0.0,,0.0,19.0,3.1,33.8,29.23076923076923
MD,2024,1,1700.0,5000.0,660.0,13.0,920.0,18.0,,7.1,0.0,12.4,0.0,24.7,13.2
MD,2024,2,2900.0,6000.0,320.0,5.0,700.0,12.0,0.0,0.9,0.5,0.6,1.1,26.9,5.333333333333333
ME,2015,1,20.0,6500.0,380.0,6.0,0.0,0.0,0.0,7.5,0.0,0.1,1.9,4.4,5.846153846153846
ME,2015,2,3500.0,30000.0,3200.0,11.0,700.0,2.0,0.1,0.5,34.5,34.5,0.1,72.1,10.666666666666666
ME,2015,3,410.0,6000.0,450.0,8.0,140.0,2.0,13.2,2.6,0.0,3.4,7.8,9.9,7.5
ME,2015,4,530.0,4700.0,60.0,1.0,20.0,0.0,0.0,0.1,0.0,0.2,0.4,18.0,1.2765957446808511
ME,2016,1,0.0,3700.0,170.0,5.0,0.0,0.0,0.3,0.8,0.0,0.4,1.4,3.3,4.594594594594595
ME,2016,2,510.0,25000.0,4200.0,17.0,560.0,2.0,4.3,2.4,31.1,0.0,27.9,82.7,16.8
ME,2016,3,240.0,5500.0,420.0,8.0,140.0,3.0,0.2,0.6,0.0,0.1,0.0,9.3,7.636363636363637
ME,2016,4,0.0,3500.0,280.0,8.0,0.0,0.0,0.1,5.8,0.0,0.8,0.1,10.7,8.0
ME,2017,1,100.0,3100.0,1000.0,32.0,0.0,0.0,30.5,26.3,8.1,20.9,0.0,23.9,32.25806451612903
ME,2017,2,1100.0,33000.0,910.0,3.0,1400.0,4.0,4.1,2.0,4.3,4.3,14.8,4.4,2.757575757575758
ME,2017,3,210.0,6000.0,400.0,7.0,290.0,5.0,0.9,1.2,3.9,0.9,0.1,3.4,6.666666666666667
ME,2017,4,220.0,6000.0,60.0,1.0,110.0,2.0,0.4,0.6,0.0,6.2,0.0,24.9,1.0
ME,2018,1,20.0,1900.0,410.0,22.0,30.0,2.0,0.2,5.2,0.0,0.6,7.4,23.6,21.57894736842105
ME,2018,2,430.0,23000.0,3100.0,13.0,790.0,3.0,0.2,0.5,1.3,0.8,,1.4,13.478260869565217
ME,2018,3,60.0,12500.0,890.0,7.0,170.0,1.0,1.1,3.5,0.0,1.0,0.5,37.0,7.12
ME,2018,4,210.0,12000.0,1400.0,12.0,880.0,7.0,,1.2,0.0,5.1,0.1,9.3,11.666666666666666
ME,2019,1,10.0,7000.0,470.0,7.0,30.0,,0.0,1.4,0.0,0.1,0.8,2.3,6.714285714285714
ME,2019,3,460.0,12000.0,1100.0,9.0,3500.0,29.0,0.1,0.2,0.0,0.7,0.1,10.1,9.166666666666666
ME,2019,4,110.0,11500.0,770.0,7.0,40.0,,0.1,0.3,2.5,0.0,0.2,20.5,6.695652173913044
ME,2020,1,460.0,1300.0,160.0,12.0,,0.0,0.7,2.2,0.0,1.2,3.0,19.6,12.307692307692308
ME,2020,2,520.0,22000.0,700.0,3.0,110.0,1.0,26.8,0.5,0.0,,0.0,47.1,3.1818181818181817
ME,2020,3,700.0,10000.0,1500.0,15.0,820.0,8.0,0.7,4.6,0.0,2.5,6.2,65.2,15.0
ME,2020,4,180.0,9000.0,100.0,1.0,250.0,3.0,0.5,1.2,0.0,,0.6,30.8,1.1111111111111112
ME,2021,1,60.0,2900.0,300.0,10.0,80.0,3.0,,2.2,0.0,2.6,2.1,7.2,10.344827586206897
ME,2021,2,430.0,18000.0,1100.0,6.0,260.0,1.0,,1.5,0.0,0.0,0.0,13.9,6.111111111111111
ME,2021,3,380.0,10000.0,1400.0,14.0,210.0,2.0,,17.0,5.0,0.0,0.0,18.7,14.0
ME,2021,4,70.0,5500.0,700.0,13.0,160.0,3.0,0.0,15.2,0.0,18.1,2.0,29.3,12.727272727272728
ME,2022,1,0.0,8000.0,340.0,4.0,120.0,2.0,0.0,7.0,0.0,1.2,1.2,7.3,4.25
ME,2022,2,1300.0,19500.0,890.0,5.0,300.0,2.0,,,0.0,0.0,,,4.564102564102564
ME,2022,3,310.0,11000.0,6500.0,59.0,350.0,3.0,51.8,,51.8,1.0,,60.2,59.09090909090909
ME,2022,4,0.0,4900.0,150.0,3.0,60.0,1.0,0.0,0.0,8.1,2.3,0.7,9.0,3.061224489795918
ME,2023,1,190.0,7500.0,290.0,4.0,130.0,2.0,0.0,0.8,1.5,0.0,2.5,16.8,3.8666666666666663
ME,2023,2,510.0,15500.0,1000.0,6.0,1100.0,7.0,3.9,,4.7,,0.0,10.6,6.451612903225806
ME,2023,3,40.0,6000.0,1400.0,23.0,220.0,4.0,0.0,,0.0,,0.0,17.3,23.333333333333332
ME,2023,4,260.0,4300.0,220.0,5.0,60.0,1.0,0.1,0.5,0.0,3.8,2.8,23.3,5.116279069767442
ME,2024,1,550.0,9000.0,370.0,4.0,140.0,2.0,0.0,,0.0,0.9,0.0,21.1,4.111111111111111
ME,2024,2,1100.0,9500.0,850.0,9.0,370.0,4.0,,0.0,1.2,,,3.1,8.947368421052632
MI,2015,1,7500.0,60000.0,11500.0,19.0,2400.0,4.0,1.1,8.3,1.6,3.1,4.6,14.3,19.166666666666668
MI,2015,2,13500.0,88000.0,9500.0,11.0,5500.0,6.0,0.6,16.4,9.1,13.0,3.1,26.9,10.795454545454543
MI,2015,3,3300.0,89000.0,7000.0,8.0,3800.0,4.0,7.3,1.8,13.7,16.3,8.8,44.6,7.865168539325842
MI,2015,4,210.0,73000.0,9000.0,12.0,1600.0,2.0,0.0,3.2,4.1,4.1,3.7,30.2,12.32876712328767
MI,2016,1,2300.0,42000.0,5000.0,12.0,80.0,0.0,0.0,1.3,0.5,0.2,11.3,5.9,11.904761904761903
MI,2016,2,13500.0,103000.0,7500.0,7.0,3200.0,3.0,1.1,11.8,16.5,9.3,1.1,54.1,7.281553398058253
MI,2016,3,11000.0,108000.0,15000.0,14.0,9500.0,9.0,0.3,6.5,9.1,25.1,2.7,64.1,13.88888888888889
MI,2016,4,10.0,101000.0,12500.0,12.0,130.0,0.0,0.1,4.0,2.7,1.5,0.6,23.9,12.376237623762377
MI,2017,1,600.0,59000.0,5000.0,8.0,130.0,,0.0,1.1,1.9,0.3,3.9,7.9,8.474576271186441
MI,2017,2,20000.0,100000.0,7500.0,8.0,13500.0,14.0,0.2,0.9,2.1,7.2,0.5,19.1,7.5
MI,2017,3,4300.0,109000.0,17500.0,16.0,11500.0,11.0,8.6,15.0,13.7,11.9,2.9,56.8,16.05504587155963
MI,2017,4,990.0,88000.0,11500.0,13.0,1900.0,2.0,5.3,1.5,23.6,13.6,2.0,53.8,13.068181818181818
MI,2018,1,4000.0,37000.0,7000.0,19.0,3900.0,11.0,0.7,12.0,7.4,3.5,5.9,21.4,18.91891891891892
MI,2018,2,23000.0,70000.0,7500.0,11.0,8500.0,12.0,10.8,12.7,11.7,18.6,9.8,75.4,10.714285714285714
MI,2018,3,3000.0,88000.0,8000.0,9.0,22000.0,25.0,1.1,19.5,23.8,13.8,18.6,92.4,9.090909090909092
MI,2018,4,3900.0,77000.0,6000.0,8.0,1800.0,2.0,15.6,2.4,15.1,31.2,6.6,52.0,7.792207792207792
MI,2019,1,0.0,33000.0,6500.0,20.0,0.0,0.0,1.5,12.2,0.2,5.8,0.7,18.2,19.696969696969695
MI,2019,3,3000.0,99000.0,11000.0,11.0,3300.0,3.0,8.7,2.1,7.3,16.4,1.5,42.7,11.11111111111111
MI,2019,4,820.0,84000.0,6500.0,8.0,1500.0,2.0,9.2,1.1,8.3,9.7,3.8,37.0,7.738095238095238
MI,2020,1,10000.0,60000.0,7000.0,12.0,100.0,,,,,0.5,0.7,8.1,11.666666666666666
MI,2020,2,11000.0,85000.0,1500.0,2.0,10000.0,12.0,2.2,3.2,6.0,11.5,1.1,38.0,1.7647058823529411
MI,2020,3,37000.0,106000.0,34000.0,32.0,11000.0,10.0,3.4,5.9,8.9,14.5,1.0,53.1,32.075471698113205
MI,2020,4,2400.0,101000.0,10500.0,10.0,1600.0,2.0,5.3,3.6,3.1,5.4,4.3,42.9,10.396039603960396
MI,2021,1,320.0,78000.0,1500.0,2.0,4100.0,5.0,,0.7,,,1.6,2.3,1.9230769230769231
MI,2021,2,10000.0,112000.0,3500.0,3.0,8000.0,7.0,0.8,0.8,3.5,2.7,,44.8,3.125
MI,2021,3,7500.0,120000.0,8500.0,7.0,4800.0,4.0,,2.7,17.0,4.2,0.8,63.5,7.083333333333333
MI,2021,4,140.0,105000.0,6000.0,6.0,2200.0,2.0,0.0,0.9,3.1,2.2,1.5,8.7,5.714285714285714
MI,2022,1,1400.0,71000.0,4500.0,6.0,2500.0,4.0,1.9,4.2,1.4,1.9,,6.1,6.338028169014085
MI,2022,2,13000.0,88000.0,3200.0,4.0,3500.0,4.0,3.1,2.8,7.1,,,10.6,3.636363636363636
MI,2022,3,8000.0,98000.0,15500.0,16.0,5500.0,6.0,2.1,3.5,4.6,2.8,1.7,25.4,15.816326530612244
MI,2022,4,8500.0,73000.0,5500.0,8.0,700.0,1.0,6.3,2.6,1.5,4.3,5.3,24.9,7.534246575342466
MI,2023,1,330.0,64000.0,9000.0,14.0,2100.0,3.0,0.5,1.1,1.2,0.6,1.7,6.5,14.0625
MI,2023,2,9500.0,85000.0,4200.0,5.0,3700.0,4.0,1.8,3.2,2.6,7.7,10.0,12.0,4.9411764705882355
MI,2023,3,1600.0,105000.0,8500.0,8.0,4800.0,5.0,0.8,0.6,1.7,1.6,3.7,29.0,8.095238095238095
MI,2023,4,260.0,75000.0,7500.0,10.0,3200.0,4.0,3.1,9.2,2.3,2.2,2.3,13.3,10.0
MI,2024,1,10000.0,90000.0,3000.0,3.0,0.0,0.0,0.5,1.0,1.1,0.6,1.4,4.3,3.3333333333333335
MI,2024,2,21000.0,95000.0,8000.0,8.0,15500.0,16.0,9.7,4.2,7.6,10.5,4.8,24.4,8.421052631578947
MI,2024,3,4500.0,97000.0,8000.0,8.0,10000.0,10.0,8.8,5.8,14.5,9.0,5.1,31.3,8.24742268041237
MI,2024,4,140.0,91000.0,8000.0,9.0,410.0,0.0,8.4,6.7,7.3,2.0,3.8,26.7,8.791208791208792
MI,2025,1,16000.0,85500.0,3100.0,4.0,100.0,0.0,0.6,1.8,,2.2,1.2,4.9,3.625730994152047
MI,2025,2,20000.0,87000.0,6500.0,7.0,22000.0,25.0,,8.0,,5.2,0.5,9.0,7.471264367816092
MN,2015,1,690.0,74000.0,3700.0,5.0,530.0,1.0,0.0,1.6,0.1,0.1,2.1,1.4,5.0
MN,2015,2,20000.0,125000.0,12500.0,10.0,21000.0,17.0,1.4,10.1,16.5,6.2,9.3,25.4,10.0
MN,2015,3,640.0,136000.0,32000.0,24.0,2300.0,2.0,7.4,7.0,27.4,14.6,7.2,33.3,23.529411764705884
MN,2015,4,600.0,105000.0,10000.0,10.0,40.0,0.0,8.4,3.8,25.0,8.7,8.9,43.6,9.523809523809524
MN,2016,1,6000.0,38000.0,5500.0,14.0,0.0,0.0,0.2,8.0,11.6,7.0,14.5,12.1,14.473684210526317
MN,2016,2,24000.0,126000.0,13000.0,10.0,4200.0,3.0,6.5,8.6,18.2,6.0,7.6,20.8,10.317460317460318
MN,2016,3,1300.0,138000.0,26000.0,19.0,1900.0,1.0,6.2,17.8,22.4,14.6,8.9,47.2,18.84057971014493
MN,2016,4,0.0,114000.0,13500.0,12.0,0.0,0.0,3.1,5.0,17.6,7.7,8.9,27.5,11.842105263157896
MN,2017,1,3300.0,41000.0,3500.0,9.0,0.0,0.0,0.1,9.0,0.9,0.4,5.8,2.1,8.536585365853659
MN,2017,2,19000.0,128000.0,12000.0,9.0,8500.0,7.0,2.3,6.6,12.8,4.7,2.2,20.5,9.375
MN,2017,3,1900.0,136000.0,20000.0,15.0,2200.0,2.0,1.8,11.6,9.4,4.7,2.3,39.8,14.705882352941176
MN,2017,4,1900.0,98000.0,7000.0,7.0,450.0,,4.2,7.2,39.8,4.0,3.1,62.9,7.142857142857143
MN,2018,1,8000.0,62000.0,3900.0,6.0,2900.0,5.0,1.9,1.1,0.6,0.7,1.6,2.0,6.290322580645161
MN,2018,2,42000.0,116000.0,8500.0,7.0,25000.0,22.0,7.2,8.0,6.0,9.3,20.7,12.9,7.327586206896552
MN,2018,3,1600.0,127000.0,29000.0,23.0,6500.0,5.0,6.0,9.3,28.4,12.4,8.1,44.5,22.834645669291337
MN,2018,4,2500.0,86000.0,11500.0,13.0,590.0,1.0,4.2,3.8,7.9,5.2,2.4,28.4,13.372093023255816
MN,2019,1,80.0,43000.0,2200.0,5.0,470.0,1.0,1.9,2.0,0.0,0.2,0.8,1.3,5.116279069767442
MN,2019,3,5000.0,129000.0,21000.0,16.0,2100.0,2.0,4.0,6.6,13.4,8.2,2.1,54.9,16.27906976744186
MN,2019,4,3400.0,97000.0,15500.0,16.0,60.0,,1.2,1.8,6.1,7.8,4.0,37.3,15.97938144329897
MN,2020,1,1300.0,58000.0,920.0,2.0,40.0,,0.0,4.3,,0.0,,3.5,1.5862068965517242
MN,2020,2,9000.0,126000.0,13000.0,10.0,2600.0,2.0,0.7,4.4,8.8,2.9,,20.6,10.317460317460318
MN,2020,3,1800.0,119000.0,10500.0,9.0,3700.0,3.0,,2.2,8.2,3.7,1.7,46.3,8.823529411764707
MN,2020,4,1200.0,105000.0,9500.0,9.0,340.0,,1.0,1.8,19.2,1.6,2.6,17.2,9.047619047619047
MN,2021,1,1300.0,73000.0,3200.0,4.0,140.0,,0.0,2.8,2.5,0.6,,6.3,4.383561643835616
MN,2021,2,29000.0,98000.0,5500.0,6.0,4000.0,4.0,,1.1,12.8,0.0,1.1,13.1,5.612244897959184
MN,2021,3,5000.0,106000.0,7000.0,7.0,1300.0,1.0,,2.3,10.5,1.1,1.8,27.5,6.60377358490566
MN,2021,4,4900.0,100000.0,10500.0,11.0,350.0,,0.0,0.6,3.4,,1.4,8.0,10.5
MN,2022,1,4800.0,97000.0,1500.0,2.0,80.0,,0.0,,,0.0,1.0,1.1,1.5463917525773196
MN,2022,2,6000.0,110000.0,1500.0,1.0,2000.0,2.0,,2.6,,0.7,,4.9,1.3636363636363635
MN,2022,3,1700.0,106000.0,7500.0,7.0,590.0,1.0,,4.1,10.7,1.4,2.3,10.7,7.0754716981132075
MN,2022,4,150.0,99000.0,4600.0,5.0,110.0,,,0.9,3.0,,1.1,9.1,4.646464646464646
MN,2023,1,30.0,57000.0,1100.0,2.0,1600.0,3.0,0.8,1.3,,,1.4,9.2,1.9298245614035088
MN,2023,2,12500.0,76000.0,2600.0,3.0,1700.0,2.0,,1.1,10.1,2.1,7.7,13.0,3.4210526315789473
MN,2023,3,600.0,72000.0,5500.0,8.0,2200.0,3.0,3.4,3.3,12.7,2.5,4.2,29.9,7.638888888888889
MN,2023,4,1000.0,57000.0,6000.0,11.0,290.0,1.0,0.5,0.8,9.2,3.0,3.6,25.9,10.526315789473683
MN,2024,1,10000.0,100000.0,830.0,1.0,210.0,0.0,1.1,2.0,0.0,,0.5,1.9,0.83
MN,2024,2,20000.0,112000.0,2000.0,2.0,11000.0,10.0,0.9,0.5,0.8,2.4,0.5,24.4,1.7857142857142858
MN,2024,3,5000.0,120000.0,10500.0,9.0,1800.0,2.0,,2.1,5.1,1.5,3.6,21.1,8.75
MN,2024,4,600.0,116000.0,8500.0,7.0,12000.0,10.0,,1.3,8.0,5.2,2.9,23.1,7.327586206896552
MN,2025,1,10000.0,97500.0,1700.0,2.0,290.0,0.0,,1.4,0.6,1.3,1.4,6.9,1.7435897435897436
MN,2025,2,14500.0,104000.0,6000.0,6.0,11000.0,11.0,,3.7,21.7,0.6,,8.6,5.769230769230769
MO,2015,1,220.0,13000.0,2000.0,15.0,910.0,7.0,2.2,11.8,4.2,6.0,6.3,13.1,15.384615384615383
MO,2015,2,1900.0,12500.0,500.0,4.0,1800.0,14.0,3.1,1.0,1.6,6.2,7.4,5.1,4.0
MO,2015,3,700.0,14000.0,1200.0,9.0,630.0,5.0,3.0,2.1,2.0,11.7,1.4,11.1,8.571428571428571
MO,2015,4,30.0,13500.0,690.0,5.0,40.0,0.0,3.3,0.8,0.1,6.0,1.5,2.8,5.111111111111111
MO,2016,1,5500.0,10000.0,1300.0,13.0,420.0,4.0,0.4,4.5,6.2,7.0,7.3,20.2,13.0
MO,2016,2,1800.0,12500.0,770.0,6.0,730.0,6.0,0.7,1.6,0.1,1.6,1.2,17.2,6.16
MO,2016,3,480.0,13500.0,650.0,5.0,170.0,1.0,1.0,3.1,0.1,7.7,0.7,13.3,4.814814814814815
MO,2016,4,1400.0,9000.0,590.0,7.0,640.0,7.0,0.2,1.5,0.0,12.6,0.7,16.1,6.555555555555555
MO,2017,1,400.0,7500.0,1200.0,16.0,10.0,,0.5,5.4,2.7,15.4,5.2,16.6,16.0
MO,2017,2,1800.0,7000.0,270.0,4.0,1000.0,14.0,3.0,5.1,1.0,8.9,1.9,13.4,3.857142857142857
MO,2017,3,320.0,9000.0,580.0,6.0,310.0,3.0,2.8,1.6,34.0,36.0,35.0,77.7,6.444444444444445
MO,2017,4,100.0,9500.0,820.0,9.0,230.0,2.0,1.0,4.2,0.1,14.2,1.6,16.7,8.631578947368421
MO,2018,1,1400.0,8000.0,1400.0,18.0,50.0,1.0,0.3,26.5,3.5,77.8,23.9,86.0,17.5
MO,2018,2,2100.0,7000.0,390.0,6.0,800.0,11.0,0.8,8.3,1.5,13.2,2.6,11.8,5.571428571428571
MO,2018,3,260.0,10000.0,540.0,5.0,410.0,4.0,1.2,7.5,1.2,16.9,1.1,18.2,5.4
MO,2018,4,170.0,10000.0,880.0,9.0,150.0,2.0,1.1,1.9,2.3,10.0,4.1,37.0,8.8
MO,2019,1,80.0,8500.0,1100.0,13.0,60.0,1.0,1.9,5.4,0.5,2.3,3.2,5.4,12.941176470588236
MO,2019,3,260.0,10500.0,500.0,5.0,350.0,3.0,0.4,2.1,0.8,7.1,0.6,18.4,4.761904761904762
MO,2019,4,260.0,10000.0,1500.0,15.0,10.0,,0.2,1.5,0.1,5.9,0.4,19.2,15.0
MO,2020,1,3400.0,8500.0,5500.0,65.0,0.0,0.0,0.9,2.1,1.6,3.4,3.4,8.4,64.70588235294117
MO,2020,2,2800.0,6500.0,390.0,6.0,1200.0,18.0,5.7,11.2,3.1,1.5,1.9,17.4,6.0
MO,2020,3,290.0,8000.0,730.0,9.0,820.0,10.0,,2.4,1.1,8.8,2.4,30.8,9.125
MO,2020,4,20.0,7000.0,750.0,11.0,110.0,2.0,,3.1,0.5,7.9,0.8,13.1,10.714285714285714
MO,2021,1,110.0,5500.0,900.0,16.0,40.0,1.0,,13.1,0.8,5.6,5.3,16.6,16.363636363636363
MO,2021,2,2300.0,4800.0,670.0,14.0,670.0,14.0,1.8,8.3,0.9,8.8,4.8,21.9,13.958333333333334
MO,2021,3,420.0,7000.0,480.0,7.0,900.0,13.0,,2.1,1.3,14.4,8.7,24.0,6.857142857142857
MO,2021,4,190.0,7500.0,590.0,8.0,120.0,2.0,,1.3,1.1,6.3,0.8,17.3,7.866666666666666
MO,2022,1,310.0,11000.0,730.0,7.0,570.0,5.0,,5.3,0.5,8.6,5.2,11.1,6.636363636363637
MO,2022,2,6000.0,10500.0,1500.0,14.0,4800.0,46.0,0.8,2.6,0.5,3.0,1.6,11.5,14.285714285714286
MO,2022,3,250.0,8500.0,660.0,8.0,360.0,4.0,,14.7,0.8,13.1,,20.4,7.764705882352941
MO,2022,4,220.0,7000.0,380.0,5.0,300.0,4.0,0.0,2.2,0.0,8.8,1.0,12.5,5.428571428571429
MO,2023,1,1400.0,9000.0,940.0,10.0,100.0,1.0,0.0,3.6,0.0,4.3,9.5,12.7,10.444444444444445
MO,2023,2,4600.0,10000.0,390.0,4.0,910.0,9.0,0.8,4.7,0.5,6.3,3.3,12.9,3.9
MO,2023,3,700.0,13500.0,880.0,7.0,320.0,2.0,,8.9,0.8,3.9,2.0,17.5,6.518518518518518
MO,2023,4,30.0,14000.0,600.0,4.0,750.0,5.0,,4.7,,9.7,2.5,41.2,4.285714285714286
MO,2024,1,1000.0,11500.0,1100.0,10.0,40.0,0.0,0.6,7.5,0.5,2.1,3.5,15.0,9.565217391304348
MO,2024,2,2000.0,12500.0,540.0,4.0,480.0,4.0,0.5,2.1,0.5,7.1,6.0,13.5,4.32
MS,2015,1,22000.0,76000.0,8500.0,11.0,7500.0,10.0,0.1,1.2,2.1,8.2,1.1,9.4,11.18421052631579
MS,2015,2,5500.0,89000.0,11000.0,12.0,10000.0,11.0,0.3,2.3,0.1,6.0,1.7,10.1,12.359550561797754
MS,2015,3,260.0,34000.0,3500.0,10.0,110.0,0.0,0.0,3.8,1.1,2.2,1.4,45.5,10.294117647058824
MS,2015,4,500.0,34000.0,1500.0,4.0,230.0,1.0,0.3,0.7,0.0,2.5,1.3,10.6,4.411764705882353
MS,2016,1,48000.0,50000.0,7500.0,15.0,25000.0,50.0,0.0,0.3,3.2,1.6,14.5,13.8,15.0
MS,2016,2,9000.0,90000.0,3700.0,4.0,61000.0,68.0,1.2,1.2,2.7,2.3,0.1,12.3,4.111111111111111
MS,2016,3,750.0,20000.0,3300.0,17.0,740.0,4.0,1.6,5.0,1.8,3.5,4.7,27.5,16.5
MS,2016,4,330.0,30000.0,2400.0,8.0,60.0,0.0,0.1,2.1,0.0,6.0,2.8,21.9,8.0
MS,2017,1,23000.0,68000.0,2600.0,4.0,7000.0,10.0,,0.5,0.1,35.3,1.4,41.7,3.823529411764706
MS,2017,2,5500.0,89000.0,3800.0,4.0,26000.0,29.0,0.0,3.7,1.7,0.9,0.8,14.0,4.269662921348314
MS,2017,3,250.0,24000.0,2900.0,12.0,230.0,1.0,0.7,18.1,0.2,4.8,0.7,71.1,12.083333333333334
MS,2017,4,280.0,22000.0,3400.0,15.0,830.0,4.0,1.4,1.5,1.5,6.1,4.1,19.3,15.454545454545457
MS,2018,1,28000.0,32000.0,2000.0,6.0,5500.0,17.0,,2.4,0.6,4.8,34.4,7.0,6.25
MS,2018,2,4000.0,50000.0,3400.0,7.0,7000.0,14.0,0.0,3.5,0.2,26.2,2.2,44.6,6.8
MS,2018,3,110.0,16500.0,2900.0,18.0,650.0,4.0,,7.5,0.5,8.6,7.2,25.2,17.575757575757574
MS,2018,4,330.0,25000.0,2000.0,8.0,50.0,,0.2,3.0,0.5,6.7,4.5,26.5,8.0
MS,2019,1,3800.0,29000.0,2400.0,8.0,1700.0,6.0,64.8,1.9,48.4,71.0,5.5,14.6,8.275862068965518
MS,2019,3,550.0,23000.0,2900.0,13.0,850.0,4.0,2.4,4.0,25.4,45.6,5.1,59.1,12.608695652173912
MS,2019,4,350.0,29000.0,3400.0,12.0,50.0,,4.1,10.5,13.9,38.0,5.2,41.0,11.724137931034482
MS,2020,1,16000.0,28000.0,5000.0,18.0,660.0,2.0,,14.5,1.8,50.9,3.6,58.6,17.857142857142858
MS,2020,2,1500.0,37000.0,4500.0,12.0,570.0,2.0,0.0,8.5,0.9,57.8,,93.1,12.16216216216216
MS,2020,3,2500.0,29000.0,1600.0,6.0,130.0,,,3.3,,41.8,6.2,45.7,5.517241379310345
MS,2020,4,300.0,37000.0,3800.0,10.0,30.0,,0.0,7.8,0.6,1.5,5.9,7.8,10.27027027027027
MS,2021,1,14000.0,36000.0,5500.0,15.0,70.0,,0.0,15.5,1.0,3.8,4.7,19.7,15.27777777777778
MS,2021,2,9500.0,35000.0,4600.0,13.0,8000.0,23.0,3.2,3.2,0.5,11.3,9.9,46.7,13.142857142857142
MS,2021,3,770.0,18500.0,1900.0,10.0,310.0,2.0,1.3,3.0,,1.1,7.8,25.3,10.27027027027027
MS,2021,4,30.0,23000.0,3000.0,13.0,240.0,1.0,0.0,,5.8,8.6,8.3,27.8,13.043478260869565
MS,2022,1,12000.0,37000.0,3400.0,9.0,2300.0,6.0,6.1,1.8,2.0,12.5,8.9,53.1,9.18918918918919
MS,2022,2,15500.0,47000.0,9000.0,19.0,7000.0,15.0,,15.2,0.7,21.0,5.8,21.7,19.148936170212767
MS,2022,3,2100.0,21000.0,2700.0,13.0,2800.0,13.0,0.9,12.2,3.6,14.6,9.5,56.1,12.857142857142858
MS,2022,4,2900.0,31000.0,3600.0,12.0,250.0,1.0,0.5,5.4,5.0,1.7,4.7,13.0,11.612903225806452
MS,2023,1,65000.0,37000.0,2300.0,6.0,4100.0,11.0,1.1,15.4,7.5,9.6,2.7,19.6,6.216216216216216
MS,2023,2,12000.0,72000.0,3500.0,5.0,8000.0,11.0,1.0,9.0,3.3,3.6,2.5,12.8,4.861111111111111
MS,2023,3,1100.0,28000.0,4100.0,15.0,120.0,,,12.0,1.3,2.9,1.3,34.9,14.642857142857142
MS,2023,4,440.0,34000.0,3500.0,10.0,1800.0,5.0,0.0,12.9,0.8,0.6,3.1,16.0,10.294117647058824
MS,2024,1,10500.0,42000.0,3700.0,9.0,1500.0,4.0,3.9,3.1,4.1,7.5,7.8,25.0,8.80952380952381
MS,2024,2,12500.0,49000.0,4500.0,9.0,6000.0,12.0,0.0,,,1.3,14.2,4.7,9.183673469387756
MS,2024,3,320.0,21000.0,3400.0,16.0,70.0,0.0,6.8,5.3,10.1,8.4,14.7,46.4,16.19047619047619
MS,2024,4,60.0,34000.0,8000.0,24.0,0.0,0.0,18.6,,1.0,11.3,5.4,9.0,23.529411764705884
MS,2025,1,14500.0,60000.0,4000.0,7.0,8000.0,13.0,0.0,3.4,9.3,1.0,12.8,25.9,6.666666666666667
MS,2025,2,9000.0,71000.0,3000.0,4.0,4500.0,6.0,0.0,11.8,,9.0,12.4,28.2,4.225352112676056
MT,2015,1,1400.0,36000.0,2200.0,6.0,1100.0,3.0,0.6,2.3,0.8,0.5,7.9,8.7,6.111111111111111
MT,2015,2,14000.0,210000.0,4200.0,2.0,33000.0,16.0,0.8,1.6,5.3,0.9,0.0,9.0,2.0
MT,2015,3,3200.0,156000.0,10500.0,7.0,10000.0,6.0,10.7,6.4,2.3,16.4,5.3,52.5,6.730769230769231
MT,2015,4,1000.0,123000.0,10000.0,8.0,80.0,0.0,14.4,3.2,11.4,19.8,13.9,35.5,8.130081300813009
MT,2016,1,24000.0,65000.0,900.0,1.0,0.0,0.0,0.0,0.1,0.5,0.0,0.0,0.6,1.3846153846153846
MT,2016,2,25000.0,157000.0,7000.0,4.0,13500.0,9.0,4.5,6.9,3.9,7.1,0.2,30.3,4.45859872611465
MT,2016,3,4100.0,158000.0,11500.0,7.0,6500.0,4.0,7.0,6.1,6.9,8.8,1.4,41.9,7.2784810126582276
MT,2016,4,2700.0,124000.0,16000.0,13.0,0.0,0.0,32.9,33.3,13.7,39.4,33.1,59.1,12.903225806451612
MT,2017,1,3100.0,46000.0,470.0,1.0,6000.0,13.0,0.0,6.0,2.5,15.1,0.1,34.0,1.0217391304347827
MT,2017,2,18000.0,135000.0,3700.0,3.0,18000.0,13.0,4.2,4.4,3.5,4.0,0.6,20.0,2.740740740740741
MT,2017,3,3100.0,161000.0,18500.0,11.0,23000.0,14.0,6.9,19.1,2.2,6.7,2.0,42.3,11.490683229813664
MT,2017,4,5500.0,121000.0,13000.0,11.0,2900.0,2.0,3.1,5.3,5.9,4.1,4.1,54.2,10.743801652892564
MT,2018,1,840.0,60000.0,140.0,,0.0,0.0,,0.1,26.1,,0.1,28.9,0.2333333333333333
MT,2018,2,17000.0,176000.0,5500.0,3.0,22000.0,13.0,3.3,0.9,1.7,4.7,1.2,42.9,3.125
MT,2018,3,3100.0,153000.0,18500.0,12.0,22000.0,14.0,18.0,21.8,6.8,18.5,2.7,43.8,12.091503267973856
MT,2018,4,3100.0,102000.0,5500.0,5.0,500.0,,5.6,2.9,17.5,13.0,,40.7,5.392156862745098
MT,2019,1,1700.0,68000.0,3500.0,5.0,1900.0,3.0,0.0,0.8,0.8,,1.1,15.1,5.147058823529412
MT,2019,3,3600.0,154000.0,18500.0,12.0,12500.0,8.0,10.6,4.1,6.1,10.0,1.0,28.0,12.012987012987011
MT,2019,4,770.0,79000.0,7000.0,9.0,4000.0,5.0,,2.8,0.8,1.8,0.3,15.7,8.860759493670885
MT,2020,1,500.0,47000.0,150.0,,,0.0,0.0,0.5,0.0,0.0,,4.0,0.3191489361702128
MT,2020,2,18000.0,120000.0,2000.0,2.0,16000.0,13.0,5.9,4.6,0.0,5.6,,12.1,1.6666666666666667
MT,2020,3,6500.0,139000.0,8500.0,6.0,28000.0,20.0,0.9,8.6,,2.1,1.2,36.6,6.115107913669065
MT,2020,4,3500.0,92000.0,14000.0,15.0,290.0,,11.6,4.4,2.6,11.6,6.0,15.1,15.217391304347826
MT,2021,1,820.0,51000.0,330.0,1.0,20.0,,0.0,,0.0,0.0,,15.0,0.6470588235294118
MT,2021,2,13500.0,116000.0,3200.0,3.0,15500.0,13.0,1.5,5.2,13.3,0.0,3.0,20.8,2.7586206896551726
MT,2021,3,870.0,114000.0,6000.0,5.0,7500.0,7.0,1.2,14.8,,1.5,0.5,19.5,5.2631578947368425
MT,2021,4,3200.0,102000.0,17000.0,17.0,8000.0,8.0,3.1,4.9,0.0,2.9,,27.2,16.666666666666668
MT,2022,1,30.0,54000.0,300.0,1.0,0.0,0.0,0.0,,0.0,0.0,,0.5,0.5555555555555556
MT,2022,2,6000.0,106000.0,960.0,1.0,8000.0,8.0,0.0,8.7,1.7,0.0,0.0,16.4,0.9056603773584906
MT,2022,3,970.0,124000.0,6000.0,5.0,2100.0,2.0,,7.5,3.0,,0.7,22.1,4.838709677419355
MT,2022,4,2300.0,101000.0,4500.0,4.0,6000.0,6.0,1.3,0.7,7.3,8.8,0.0,27.8,4.455445544554456
MT,2023,1,0.0,51000.0,70.0,,0.0,0.0,0.0,0.0,,0.0,,0.6,0.1372549019607843
MT,2023,2,22000.0,97000.0,4500.0,5.0,18500.0,19.0,2.1,6.5,2.9,,,23.7,4.639175257731959
MT,2023,3,2200.0,98000.0,6500.0,7.0,6000.0,6.0,2.8,21.1,1.1,,,32.4,6.63265306122449
MT,2023,4,420.0,87000.0,2600.0,3.0,3300.0,4.0,2.8,1.9,6.9,0.5,0.8,22.5,2.9885057471264367
MT,2024,1,6000.0,41000.0,50.0,0.0,0.0,0.0,0.0,0.0,0.0,0.0,,,0.1219512195121951
MT,2024,2,11000.0,92000.0,520.0,1.0,10000.0,11.0,1.4,,3.4,,0.0,10.6,0.5652173913043478
MT,2024,3,1600.0,115000.0,7500.0,7.0,4200.0,4.0,3.4,3.2,6.8,0.6,1.0,35.6,6.521739130434782
MT,2024,4,1000.0,99000.0,15500.0,16.0,0.0,0.0,1.8,9.8,18.5,0.0,0.7,25.8,15.656565656565656
MT,2025,1,4500.0,48000.0,200.0,0.0,150.0,0.0,0.0,,0.5,1.4,0.6,2.4,0.4166666666666667
MT,2025,2,7000.0,100000.0,9500.0,10.0,9000.0,9.0,8.8,12.8,,3.6,0.0,11.0,9.5
NC,2015,1,6000.0,26000.0,7000.0,27.0,690.0,3.0,0.1,6.2,22.9,2.3,12.2,35.5,26.923076923076923
NC,2015,2,5500.0,23000.0,1800.0,8.0,3300.0,14.0,0.3,5.8,3.5,14.3,3.0,51.0,7.826086956521739
NC,2015,3,2500.0,24000.0,2900.0,12.0,1100.0,5.0,0.7,5.7,7.5,27.9,8.5,33.9,12.083333333333334
NC,2015,4,510.0,22000.0,2200.0,10.0,70.0,0.0,0.5,5.4,0.4,3.4,3.4,9.6,10.0
NC,2016,1,1100.0,24000.0,2600.0,11.0,230.0,1.0,1.9,4.0,2.7,2.5,2.4,9.5,10.833333333333334
NC,2016,2,10000.0,24000.0,1600.0,7.0,550.0,2.0,4.7,8.3,33.8,23.5,41.7,51.8,6.666666666666667
NC,2016,3,1400.0,25000.0,1400.0,6.0,1200.0,5.0,0.1,13.4,2.9,13.4,3.0,27.8,5.6
NC,2016,4,220.0,25000.0,5500.0,22.0,50.0,0.0,1.8,12.5,0.0,7.7,1.3,24.0,22.0
NC,2017,1,3700.0,23000.0,2500.0,11.0,1200.0,5.0,0.2,7.2,1.5,17.4,3.9,34.7,10.869565217391305
NC,2017,2,5000.0,25000.0,3000.0,12.0,2700.0,11.0,2.3,5.1,0.8,5.5,1.5,23.4,12.0
NC,2017,3,4100.0,27000.0,3300.0,12.0,2900.0,11.0,3.3,7.6,20.3,36.1,1.8,74.5,12.22222222222222
NC,2017,4,60.0,23000.0,5000.0,22.0,290.0,1.0,3.9,11.7,1.5,16.3,6.7,64.2,21.73913043478261
NC,2018,1,2400.0,18500.0,4200.0,23.0,260.0,1.0,0.3,13.4,0.3,10.2,8.0,29.7,22.7027027027027
NC,2018,2,4100.0,17500.0,2500.0,14.0,800.0,5.0,0.5,14.6,2.4,2.6,0.8,9.7,14.285714285714286
NC,2018,3,2600.0,18000.0,2200.0,12.0,2000.0,11.0,11.4,11.4,8.4,17.9,3.1,66.0,12.22222222222222
NC,2018,4,250.0,16000.0,2700.0,17.0,300.0,2.0,3.8,11.1,2.0,10.4,5.2,53.0,16.875
NC,2019,1,750.0,14500.0,1700.0,12.0,890.0,6.0,0.2,2.2,0.7,2.0,3.4,16.4,11.724137931034482
NC,2019,3,1800.0,22000.0,2700.0,12.0,5000.0,23.0,19.7,9.7,4.0,11.3,5.7,26.9,12.272727272727272
NC,2019,4,240.0,18000.0,3200.0,18.0,770.0,4.0,4.5,15.7,2.4,21.0,11.7,44.5,17.77777777777778
NC,2020,1,2600.0,24000.0,2500.0,10.0,490.0,2.0,4.8,1.4,0.6,7.1,5.1,35.7,10.416666666666666
NC,2020,2,6000.0,25000.0,1600.0,6.0,1300.0,5.0,1.9,1.8,0.0,5.5,1.4,23.0,6.4
NC,2020,3,950.0,27000.0,4600.0,17.0,5500.0,20.0,,,,17.9,,70.5,17.037037037037038
NC,2020,4,200.0,22000.0,2500.0,11.0,9000.0,41.0,,0.6,5.1,14.0,1.9,37.7,11.363636363636363
NC,2021,1,1900.0,24000.0,4000.0,17.0,110.0,,,0.6,,7.2,0.5,23.5,16.666666666666668
NC,2021,2,6000.0,23000.0,1700.0,7.0,3300.0,14.0,,,,3.5,,35.8,7.391304347826087
NC,2021,3,3800.0,25000.0,3000.0,12.0,2200.0,9.0,0.9,6.6,,10.4,1.0,29.3,12.0
NC,2021,4,260.0,22000.0,2100.0,10.0,360.0,2.0,0.0,,,1.4,5.1,24.1,9.545454545454543
NC,2022,1,3100.0,24000.0,2300.0,10.0,520.0,2.0,,2.4,0.0,7.6,1.0,23.4,9.583333333333334
NC,2022,2,7500.0,30000.0,1200.0,4.0,3300.0,11.0,3.5,,0.0,2.8,1.0,23.9,4.0
NC,2022,3,2100.0,33000.0,2600.0,8.0,2500.0,8.0,1.5,0.9,1.4,26.1,1.1,35.8,7.878787878787879
NC,2022,4,0.0,29000.0,3400.0,12.0,480.0,2.0,3.1,3.7,3.6,6.4,,13.5,11.724137931034482
NC,2023,1,2200.0,30000.0,4100.0,14.0,2800.0,9.0,,4.5,,6.1,2.5,22.5,13.666666666666666
NC,2023,2,9000.0,28000.0,2300.0,8.0,5500.0,20.0,0.9,1.6,,8.8,2.5,28.7,8.214285714285714
NC,2023,3,2400.0,26000.0,3400.0,13.0,2800.0,11.0,2.8,2.4,0.6,6.6,2.2,29.9,13.076923076923077
NC,2023,4,430.0,27000.0,2900.0,11.0,500.0,2.0,,0.9,,6.5,1.5,37.0,10.74074074074074
NC,2024,1,5000.0,27000.0,5500.0,20.0,3100.0,11.0,,1.6,0.0,1.2,2.5,29.2,20.37037037037037
NC,2024,2,6000.0,26000.0,1700.0,7.0,5000.0,19.0,,0.8,,3.5,1.0,16.2,6.538461538461538
NC,2024,3,1300.0,28000.0,2800.0,10.0,1700.0,6.0,1.1,1.7,0.7,6.7,1.7,14.0,10.0
NC,2024,4,570.0,26000.0,2900.0,11.0,2100.0,8.0,,1.9,1.1,11.2,2.9,20.7,11.153846153846152
NC,2025,1,4000.0,28000.0,2500.0,9.0,4600.0,16.0,,2.3,,3.2,4.5,6.0,8.928571428571429
NC,2025,2,6500.0,27000.0,2300.0,9.0,3500.0,13.0,0.6,2.0,0.7,6.9,1.6,26.3,8.518518518518519
ND,2015,1,1800.0,120000.0,620.0,1.0,530.0,0.0,0.0,2.5,0.0,1.7,0.1,1.7,0.5166666666666667
ND,2015,2,39000.0,450000.0,29000.0,6.0,61000.0,14.0,0.1,4.6,4.3,3.0,0.3,15.5,6.444444444444445
ND,2015,3,11000.0,500000.0,93000.0,19.0,22000.0,4.0,8.1,4.1,12.3,15.5,3.7,33.8,18.6
ND,2015,4,2700.0,275000.0,35000.0,13.0,9000.0,3.0,1.8,3.7,1.5,2.3,2.1,10.8,12.727272727272728
ND,2016,1,4600.0,137000.0,8500.0,6.0,0.0,0.0,0.0,0.1,0.0,0.0,11.7,2.7,6.204379562043796
ND,2016,2,23000.0,530000.0,27000.0,5.0,95000.0,18.0,2.1,3.6,1.1,3.7,0.2,16.2,5.09433962264151
ND,2016,3,25000.0,550000.0,71000.0,13.0,104000.0,19.0,6.3,9.9,12.9,11.8,3.1,38.0,12.909090909090908
ND,2016,4,13500.0,390000.0,44000.0,11.0,2500.0,1.0,1.5,2.6,0.4,7.9,2.2,23.5,11.282051282051285
ND,2017,1,1100.0,123000.0,640.0,1.0,10.0,,0.0,0.2,0.0,0.0,0.2,0.8,0.5203252032520326
ND,2017,2,31000.0,450000.0,16000.0,4.0,41000.0,9.0,3.2,3.2,5.3,4.0,1.0,29.3,3.5555555555555554
ND,2017,3,24000.0,490000.0,48000.0,10.0,100000.0,20.0,3.4,8.1,8.1,11.9,1.9,42.0,9.79591836734694
ND,2017,4,10000.0,410000.0,26000.0,6.0,2900.0,1.0,0.2,0.9,0.5,16.5,0.3,41.7,6.341463414634147
ND,2018,1,2600.0,101000.0,3200.0,3.0,10.0,,1.1,0.8,0.0,0.1,0.0,1.4,3.1683168316831685
ND,2018,2,23000.0,460000.0,23000.0,5.0,64000.0,14.0,4.9,4.9,4.7,7.9,4.3,34.8,5.0
ND,2018,3,23000.0,490000.0,59000.0,12.0,14500.0,3.0,9.6,10.9,10.4,11.5,1.2,52.6,12.040816326530612
ND,2018,4,7500.0,435000.0,29000.0,7.0,1500.0,,8.1,4.3,10.6,9.4,4.6,29.5,6.666666666666667
ND,2019,1,0.0,102000.0,1100.0,1.0,1300.0,1.0,0.0,0.4,6.5,0.0,1.3,6.9,1.0784313725490196
ND,2019,3,15000.0,530000.0,81000.0,15.0,17500.0,3.0,14.7,23.7,9.0,10.2,9.3,48.4,15.283018867924527
ND,2019,4,3000.0,420000.0,27000.0,6.0,4300.0,1.0,1.8,2.0,3.7,7.1,1.7,43.0,6.428571428571429
ND,2020,1,0.0,82000.0,7500.0,9.0,,0.0,0.0,3.1,0.0,0.0,0.0,0.6,9.146341463414634
ND,2020,2,53000.0,415000.0,20000.0,5.0,38000.0,9.0,2.5,3.0,3.1,1.7,1.9,28.8,4.819277108433735
ND,2020,3,57000.0,495000.0,53000.0,11.0,33000.0,7.0,12.3,9.3,4.1,15.9,1.4,61.3,10.707070707070708
ND,2020,4,12500.0,445000.0,45000.0,10.0,,0.0,5.1,1.1,11.5,0.5,5.5,60.2,10.112359550561798
ND,2021,1,2700.0,65000.0,180.0,,0.0,0.0,1.0,1.5,,0.5,,12.0,0.2769230769230769
ND,2021,2,11500.0,495000.0,6000.0,1.0,3600.0,1.0,,2.0,,0.7,,29.2,1.2121212121212122
ND,2021,3,7500.0,580000.0,67000.0,12.0,14500.0,3.0,2.2,7.0,4.1,6.1,5.5,31.7,11.551724137931034
ND,2021,4,11000.0,485000.0,27000.0,6.0,8000.0,2.0,2.8,7.8,,0.9,,28.0,5.56701030927835
ND,2022,1,300.0,89000.0,120.0,,0.0,0.0,0.0,0.0,0.0,0.0,,33.1,0.1348314606741573
ND,2022,2,15000.0,495000.0,17000.0,3.0,8500.0,2.0,0.9,9.9,4.8,22.7,0.5,38.9,3.4343434343434343
ND,2022,3,7000.0,520000.0,82000.0,16.0,14500.0,3.0,4.2,7.3,17.1,12.7,0.9,56.1,15.76923076923077
ND,2022,4,11500.0,390000.0,39000.0,10.0,4200.0,1.0,1.6,0.9,4.3,12.2,2.5,35.6,10.0
ND,2023,1,2700.0,89000.0,2400.0,3.0,1000.0,1.0,0.0,0.6,,0.0,0.0,32.0,2.696629213483146
ND,2023,2,35000.0,410000.0,23000.0,6.0,4200.0,1.0,2.7,1.4,6.7,6.7,,64.6,5.609756097560975
ND,2023,3,9000.0,480000.0,62000.0,13.0,13500.0,3.0,3.0,3.5,12.4,7.1,,41.1,12.916666666666666
ND,2023,4,10000.0,365000.0,8000.0,2.0,7500.0,2.0,0.8,6.5,4.1,1.6,0.0,40.4,2.191780821917808
ND,2024,1,9500.0,78000.0,8500.0,11.0,0.0,0.0,0.0,7.1,0.0,0.0,3.5,23.6,10.897435897435898
ND,2024,2,7500.0,457000.0,17500.0,4.0,21000.0,5.0,3.0,17.5,,11.9,1.4,41.8,3.8293216630196936
ND,2024,3,7500.0,460000.0,18500.0,4.0,14000.0,3.0,1.9,6.0,3.0,12.7,3.3,37.5,4.021739130434782
ND,2024,4,2200.0,365000.0,19000.0,5.0,14000.0,4.0,6.8,1.8,2.7,2.0,1.2,34.2,5.205479452054795
ND,2025,1,7300.0,96000.0,7500.0,8.0,410.0,0.0,2.1,2.1,0.0,,,21.2,7.8125
ND,2025,2,12000.0,395000.0,13000.0,3.0,21000.0,5.0,3.5,1.2,10.6,22.3,1.4,36.8,3.2911392405063293
NE,2015,1,120.0,31000.0,2600.0,8.0,310.0,1.0,0.1,0.3,0.5,0.1,3.0,5.9,8.387096774193548
NE,2015,2,15500.0,68000.0,4100.0,6.0,4600.0,7.0,0.0,2.1,1.4,6.9,1.5,6.5,6.029411764705882
NE,2015,3,500.0,77000.0,6000.0,8.0,6000.0,8.0,10.9,4.6,13.2,10.3,4.3,33.2,7.792207792207792
NE,2015,4,10.0,73000.0,7000.0,10.0,5500.0,8.0,0.2,0.4,0.3,0.0,1.7,15.5,9.58904109589041
NE,2016,1,510.0,20000.0,720.0,4.0,0.0,0.0,0.1,0.8,0.2,0.4,0.6,1.8,3.6
NE,2016,2,8000.0,43000.0,6000.0,14.0,28000.0,65.0,1.0,1.1,3.8,0.1,3.5,6.1,13.953488372093023
NE,2016,3,390.0,47000.0,8500.0,18.0,27000.0,57.0,0.1,1.6,10.2,1.6,0.1,20.4,18.08510638297872
NE,2016,4,190.0,37000.0,4300.0,12.0,0.0,0.0,0.2,0.4,1.2,1.4,1.5,10.5,11.62162162162162
NE,2017,1,120.0,13000.0,750.0,6.0,0.0,0.0,0.4,2.1,0.0,0.3,1.2,14.8,5.769230769230769
NE,2017,2,7000.0,43000.0,1500.0,3.0,27000.0,63.0,1.0,16.0,37.6,38.4,0.8,50.1,3.488372093023256
NE,2017,3,880.0,47000.0,3700.0,8.0,13500.0,29.0,0.4,9.2,7.1,6.6,0.2,15.1,7.872340425531915
NE,2017,4,80.0,42000.0,7500.0,18.0,50.0,,4.1,4.3,2.1,3.3,11.5,26.6,17.857142857142858
NE,2018,1,0.0,14000.0,430.0,3.0,0.0,0.0,0.0,1.7,2.8,1.6,0.9,4.5,3.0714285714285716
NE,2018,2,4000.0,46000.0,2100.0,5.0,900.0,2.0,1.4,9.0,4.2,1.4,5.5,5.0,4.565217391304348
NE,2018,3,8500.0,54000.0,6500.0,12.0,5000.0,9.0,5.9,4.3,6.5,3.2,4.0,24.1,12.037037037037036
NE,2018,4,7000.0,45000.0,5000.0,11.0,840.0,2.0,0.7,2.9,0.3,0.7,1.0,3.0,11.11111111111111
NE,2019,1,0.0,16500.0,2500.0,15.0,0.0,0.0,32.0,2.2,0.8,1.3,0.1,32.3,15.151515151515152
NE,2019,3,680.0,41000.0,3700.0,9.0,1400.0,3.0,1.8,7.2,2.8,2.7,1.9,29.2,9.024390243902438
NE,2019,4,320.0,38000.0,2700.0,7.0,10.0,,0.0,2.8,3.5,1.0,6.4,5.8,7.105263157894737
NE,2020,1,70.0,17000.0,670.0,4.0,,0.0,,,0.0,,0.8,2.2,3.941176470588235
NE,2020,2,7000.0,41000.0,1900.0,5.0,1100.0,3.0,4.8,,12.2,1.1,2.7,17.5,4.634146341463414
NE,2020,3,3000.0,48000.0,4300.0,9.0,3100.0,6.0,3.3,21.4,19.8,0.8,,23.4,8.958333333333334
NE,2020,4,280.0,43000.0,7000.0,16.0,2500.0,6.0,0.5,1.4,,,6.3,3.6,16.27906976744186
NE,2021,1,930.0,18000.0,640.0,4.0,0.0,0.0,,1.7,1.5,,0.7,11.0,3.5555555555555554
NE,2021,2,9000.0,37000.0,1800.0,5.0,810.0,2.0,,3.2,7.4,,1.3,17.3,4.864864864864865
NE,2021,3,1200.0,49000.0,6000.0,12.0,1800.0,4.0,,3.2,1.8,,1.8,13.7,12.244897959183673
NE,2021,4,10.0,43000.0,7500.0,17.0,250.0,1.0,2.8,1.8,4.2,1.5,,28.0,17.441860465116278
NE,2022,1,30.0,30000.0,840.0,3.0,0.0,0.0,0.7,,0.0,0.0,2.3,3.2,2.8
NE,2022,2,11000.0,46000.0,2400.0,5.0,5000.0,11.0,0.7,0.7,0.0,21.9,,26.4,5.217391304347826
NE,2022,3,1100.0,51000.0,3500.0,7.0,1100.0,2.0,3.8,7.5,1.7,,,18.3,6.862745098039215
NE,2022,4,1100.0,47000.0,5500.0,12.0,300.0,1.0,10.9,0.0,,12.9,7.4,31.4,11.702127659574469
NE,2023,1,0.0,23000.0,1100.0,5.0,0.0,0.0,,4.3,0.0,,,20.2,4.782608695652174
NE,2023,2,10000.0,28000.0,1200.0,4.0,2300.0,8.0,0.6,0.6,0.5,4.8,3.7,27.4,4.285714285714286
NE,2023,3,540.0,52000.0,4800.0,9.0,3100.0,6.0,0.0,1.2,2.0,,4.2,19.7,9.23076923076923
NE,2023,4,940.0,42000.0,5500.0,13.0,560.0,1.0,0.5,7.9,0.6,,1.6,15.6,13.095238095238097
NE,2024,1,5000.0,19500.0,1200.0,6.0,0.0,0.0,0.0,,0.0,0.0,0.8,14.8,6.153846153846154
NE,2024,2,10000.0,29000.0,1200.0,4.0,7500.0,26.0,0.7,0.7,,1.1,3.5,5.9,4.137931034482759
NJ,2015,1,570.0,9000.0,1100.0,12.0,1600.0,18.0,30.4,19.5,11.1,13.2,16.7,40.1,12.22222222222222
NJ,2015,2,2100.0,19000.0,1800.0,10.0,2900.0,15.0,0.3,1.0,26.1,3.6,2.4,52.5,9.473684210526317
NJ,2015,3,190.0,18500.0,210.0,1.0,500.0,3.0,0.1,1.1,0.0,1.0,0.7,7.2,1.135135135135135
NJ,2015,4,20.0,8500.0,270.0,3.0,10.0,0.0,0.0,0.4,0.4,2.2,1.2,7.7,3.176470588235294
NJ,2016,1,80.0,6000.0,1000.0,17.0,20.0,0.0,0.2,1.7,0.6,1.1,12.0,8.0,16.666666666666668
NJ,2016,2,1900.0,18000.0,1500.0,8.0,110.0,1.0,0.2,0.2,0.0,0.9,0.3,11.9,8.333333333333334
NJ,2016,3,120.0,18000.0,270.0,2.0,80.0,0.0,1.2,1.3,8.5,7.1,0.3,20.2,1.5
NJ,2016,4,400.0,12000.0,340.0,3.0,0.0,0.0,0.4,3.4,1.9,11.3,8.6,28.6,2.8333333333333335
NJ,2017,1,10.0,6000.0,490.0,8.0,0.0,0.0,0.3,0.8,0.1,0.7,0.6,16.3,8.166666666666666
NJ,2017,2,1900.0,21000.0,430.0,2.0,660.0,3.0,2.3,0.3,1.9,5.6,0.8,21.4,2.047619047619047
NJ,2017,3,280.0,16000.0,420.0,3.0,110.0,1.0,0.0,0.4,0.8,2.9,1.9,10.7,2.625
NJ,2017,4,330.0,15500.0,1200.0,8.0,270.0,2.0,4.4,3.3,4.4,6.8,0.0,18.9,7.741935483870968
NJ,2018,1,180.0,6500.0,730.0,11.0,190.0,3.0,0.0,3.8,0.4,1.9,0.8,14.9,11.23076923076923
NJ,2018,2,1300.0,15000.0,270.0,2.0,170.0,1.0,,3.4,0.1,3.3,0.1,16.5,1.8
NJ,2018,3,250.0,14000.0,320.0,2.0,220.0,2.0,0.2,1.0,0.1,5.1,0.4,12.3,2.2857142857142856
NJ,2018,4,30.0,15500.0,1300.0,8.0,80.0,1.0,0.1,5.4,0.0,3.2,0.3,14.0,8.387096774193548
NJ,2019,1,130.0,6000.0,310.0,5.0,60.0,1.0,0.0,3.5,0.0,4.4,0.6,15.3,5.166666666666667
NJ,2019,3,650.0,16000.0,680.0,4.0,3100.0,19.0,0.3,0.5,0.2,2.3,0.1,26.1,4.25
NJ,2019,4,60.0,15500.0,220.0,1.0,80.0,1.0,0.0,1.3,0.0,0.9,0.5,2.5,1.4193548387096775
NJ,2020,1,800.0,6500.0,430.0,7.0,40.0,1.0,0.5,3.2,,2.9,2.3,9.4,6.615384615384615
NJ,2020,2,1500.0,21000.0,710.0,3.0,650.0,3.0,21.5,21.7,,0.8,,15.4,3.380952380952381
NJ,2020,3,1500.0,18500.0,2300.0,12.0,1800.0,10.0,0.0,,16.3,5.6,,21.7,12.432432432432432
NJ,2020,4,2000.0,18000.0,310.0,2.0,480.0,3.0,0.5,0.2,0.6,2.1,0.7,6.8,1.7222222222222223
NJ,2021,1,900.0,14000.0,350.0,3.0,80.0,1.0,1.0,1.2,1.3,1.5,0.8,18.7,2.5
NJ,2021,2,1400.0,19500.0,410.0,2.0,140.0,1.0,0.0,1.8,2.6,5.5,1.3,11.8,2.102564102564102
NJ,2021,3,390.0,19500.0,400.0,2.0,480.0,2.0,,0.7,1.8,4.9,1.9,10.7,2.051282051282051
NJ,2021,4,350.0,19500.0,430.0,2.0,,0.0,,,0.0,5.9,,8.6,2.2051282051282053
NJ,2022,1,1500.0,15000.0,550.0,4.0,30.0,,,0.6,0.0,3.9,1.8,13.3,3.6666666666666665
NJ,2022,2,2600.0,19000.0,140.0,1.0,70.0,,0.7,,0.6,0.8,0.0,7.0,0.7368421052631579
NJ,2022,3,1700.0,21000.0,1600.0,8.0,210.0,1.0,,0.7,,10.1,7.7,15.4,7.619047619047619
NJ,2022,4,730.0,20000.0,1000.0,5.0,70.0,,,0.5,,6.1,4.1,15.0,5.0
NJ,2023,1,530.0,14500.0,1300.0,9.0,110.0,1.0,,1.7,0.0,6.7,3.8,20.0,8.96551724137931
NJ,2023,2,1000.0,19500.0,720.0,4.0,520.0,3.0,0.6,1.6,,2.6,0.9,14.4,3.692307692307693
NJ,2023,3,1000.0,22000.0,440.0,2.0,1300.0,6.0,,0.7,0.0,2.2,1.1,14.1,2.0
NJ,2023,4,530.0,23000.0,770.0,3.0,120.0,1.0,,,2.4,2.8,1.2,12.5,3.347826086956522
NJ,2024,1,1500.0,17000.0,1200.0,7.0,320.0,2.0,0.0,1.7,0.0,3.2,4.1,20.7,7.0588235294117645
NJ,2024,2,2300.0,15000.0,710.0,5.0,640.0,4.0,1.5,0.9,1.0,3.0,0.7,16.6,4.733333333333333
NM,2015,1,190.0,7000.0,690.0,10.0,600.0,9.0,0.0,1.3,0.2,0.1,0.4,17.1,9.857142857142858
NM,2015,2,1500.0,8500.0,1000.0,12.0,330.0,4.0,15.5,0.4,5.9,0.0,2.7,38.8,11.764705882352942
NM,2015,3,1300.0,6500.0,1600.0,25.0,650.0,10.0,55.0,55.5,58.0,55.0,0.7,61.2,24.615384615384617
NM,2015,4,290.0,6000.0,290.0,5.0,30.0,1.0,0.2,0.6,8.4,0.3,1.7,30.9,4.833333333333333
NM,2016,1,1400.0,6500.0,1700.0,26.0,30.0,1.0,31.5,1.5,0.0,0.4,0.3,69.0,26.153846153846153
NM,2016,2,2700.0,6500.0,1400.0,22.0,100.0,2.0,12.1,8.2,2.5,0.3,0.0,59.1,21.53846153846154
NM,2016,3,2000.0,6500.0,1100.0,17.0,1000.0,15.0,55.2,1.7,24.1,55.4,0.7,59.5,16.923076923076923
NM,2016,4,1100.0,7000.0,1600.0,23.0,20.0,0.0,7.2,0.8,0.0,0.3,0.3,46.2,22.857142857142858
NM,2017,1,3600.0,5500.0,2100.0,38.0,0.0,0.0,87.4,2.0,0.0,0.0,0.0,93.9,38.18181818181818
NM,2017,2,3300.0,7500.0,1800.0,24.0,3900.0,52.0,72.9,35.6,0.0,0.6,0.6,88.4,24.0
NM,2017,3,1800.0,8500.0,2500.0,29.0,200.0,2.0,17.8,3.1,13.6,3.3,0.3,74.3,29.41176470588235
NM,2017,4,1700.0,8000.0,1900.0,24.0,,0.0,0.0,10.0,10.3,0.3,1.0,86.1,23.75
NM,2018,1,180.0,7500.0,3900.0,52.0,0.0,0.0,0.0,9.4,1.3,0.5,0.5,42.8,52.0
NM,2018,2,1700.0,4300.0,50.0,1.0,450.0,10.0,0.3,0.2,0.0,0.1,1.0,0.3,1.162790697674419
NM,2018,3,3800.0,7000.0,1200.0,17.0,1000.0,14.0,0.0,0.4,12.3,0.0,0.2,0.0,17.142857142857142
NM,2018,4,50.0,8000.0,3000.0,38.0,0.0,0.0,3.7,8.0,0.1,0.8,1.2,81.3,37.5
NM,2019,1,0.0,4800.0,170.0,4.0,0.0,0.0,0.6,1.4,0.0,1.1,0.3,3.5,3.5416666666666665
NM,2019,3,1000.0,5500.0,170.0,3.0,550.0,10.0,0.9,0.8,0.0,29.1,0.0,39.5,3.090909090909091
NM,2019,4,30.0,6000.0,70.0,1.0,10.0,,0.4,2.6,0.0,0.3,0.0,5.2,1.1666666666666667
NM,2020,1,120.0,6000.0,40.0,1.0,0.0,0.0,0.0,0.7,0.0,0.0,,2.1,0.6666666666666666
NM,2020,2,400.0,6000.0,1000.0,17.0,40.0,1.0,,,,,,3.0,16.666666666666668
NM,2020,3,3300.0,5500.0,1600.0,29.0,760.0,14.0,0.0,0.5,0.0,32.9,,33.8,29.09090909090909
NM,2020,4,80.0,3600.0,190.0,5.0,50.0,1.0,1.0,2.0,0.0,,0.9,15.7,5.277777777777778
NM,2021,1,170.0,5500.0,270.0,5.0,0.0,0.0,0.0,6.5,0.0,,1.9,14.2,4.909090909090909
NM,2021,2,560.0,5500.0,670.0,12.0,2300.0,42.0,1.3,0.0,2.5,1.2,,60.0,12.181818181818182
NM,2021,3,40.0,5500.0,30.0,1.0,130.0,2.0,1.1,0.0,0.0,4.4,0.0,22.5,0.5454545454545454
NM,2021,4,2000.0,5500.0,1900.0,35.0,,0.0,0.0,,14.1,44.4,0.7,65.6,34.54545454545455
NM,2022,1,1000.0,8000.0,1900.0,24.0,0.0,0.0,,0.5,0.0,,,48.7,23.75
NM,2022,2,4200.0,7000.0,1600.0,23.0,2200.0,31.0,8.6,31.5,0.9,8.6,0.7,52.0,22.857142857142858
NM,2022,3,460.0,9000.0,150.0,2.0,230.0,3.0,0.0,2.4,1.3,1.1,1.1,7.3,1.6666666666666667
NM,2022,4,20.0,9500.0,920.0,10.0,180.0,2.0,4.8,1.4,1.6,5.0,1.1,20.3,9.68421052631579
NM,2023,1,460.0,8500.0,4600.0,54.0,760.0,9.0,64.8,0.9,1.0,,1.4,84.2,54.11764705882353
NM,2023,2,530.0,4300.0,230.0,5.0,250.0,6.0,1.3,1.1,0.7,0.6,,4.0,5.348837209302325
NM,2023,3,1000.0,6000.0,500.0,8.0,450.0,8.0,,0.0,,1.5,0.7,23.0,8.333333333333334
NM,2023,4,30.0,6500.0,1100.0,17.0,110.0,2.0,4.1,13.6,2.2,3.4,3.8,24.6,16.923076923076923
NM,2024,1,500.0,4300.0,1200.0,28.0,0.0,0.0,74.0,0.7,0.0,0.5,,91.9,27.906976744186046
NM,2024,2,1100.0,2000.0,290.0,15.0,540.0,27.0,0.0,,1.1,,2.1,26.7,14.5
NY,2015,1,430.0,30000.0,6500.0,22.0,950.0,3.0,0.5,12.4,4.4,2.6,8.3,7.6,21.666666666666668
NY,2015,2,11000.0,34000.0,1100.0,3.0,1500.0,4.0,4.5,3.3,4.4,12.5,1.1,19.1,3.235294117647059
NY,2015,3,4400.0,47000.0,6500.0,14.0,7000.0,15.0,5.7,8.8,17.1,14.3,1.5,40.0,13.829787234042554
NY,2015,4,260.0,45000.0,4000.0,9.0,10.0,0.0,0.8,0.4,0.9,2.2,6.2,24.5,8.88888888888889
NY,2016,1,970.0,33000.0,4200.0,13.0,600.0,2.0,1.5,9.5,7.6,5.9,2.6,27.5,12.727272727272728
NY,2016,2,13500.0,46000.0,4000.0,9.0,1500.0,3.0,0.9,4.1,11.7,3.1,3.8,20.4,8.695652173913043
NY,2016,3,1900.0,56000.0,10000.0,18.0,800.0,1.0,5.5,24.7,5.2,9.0,2.6,37.4,17.857142857142858
NY,2016,4,240.0,49000.0,9000.0,18.0,130.0,0.0,3.6,2.2,12.5,2.2,2.1,27.8,18.367346938775512
NY,2017,1,520.0,33000.0,6000.0,18.0,0.0,0.0,9.8,13.2,4.4,9.4,10.8,20.4,18.181818181818183
NY,2017,2,16500.0,43000.0,1300.0,3.0,7500.0,17.0,2.1,8.9,2.0,2.1,0.1,22.2,3.0232558139534884
NY,2017,3,3100.0,59000.0,6500.0,11.0,9000.0,15.0,6.2,13.6,9.4,19.8,1.8,45.1,11.016949152542374
NY,2017,4,820.0,51000.0,3900.0,8.0,460.0,1.0,8.0,0.4,5.4,12.7,2.6,22.3,7.647058823529412
NY,2018,1,400.0,26000.0,3700.0,14.0,170.0,1.0,1.4,8.0,1.9,11.9,6.0,25.3,14.23076923076923
NY,2018,2,11000.0,42000.0,2700.0,6.0,2400.0,6.0,15.0,16.7,6.6,20.0,3.7,39.6,6.428571428571429
NY,2018,3,3600.0,56000.0,3900.0,7.0,3700.0,7.0,18.6,22.9,24.4,20.6,10.2,40.7,6.964285714285714
NY,2018,4,1000.0,53000.0,4400.0,8.0,1500.0,3.0,7.8,7.8,2.4,4.5,0.7,26.0,8.30188679245283
NY,2019,1,110.0,24000.0,3400.0,14.0,80.0,,1.7,7.7,1.7,2.5,9.0,10.6,14.166666666666666
NY,2019,3,3200.0,69000.0,8500.0,12.0,3700.0,5.0,1.2,2.5,8.2,11.5,3.8,30.7,12.318840579710145
NY,2019,4,630.0,65000.0,10000.0,15.0,510.0,1.0,3.0,3.2,8.7,24.8,4.0,33.3,15.384615384615383
NY,2020,1,230.0,36000.0,2500.0,7.0,370.0,1.0,0.0,1.7,0.0,2.9,7.7,6.6,6.944444444444445
NY,2020,2,6000.0,58000.0,4000.0,7.0,2800.0,5.0,0.6,3.5,,2.5,0.5,20.7,6.896551724137931
NY,2020,3,5500.0,61000.0,3600.0,6.0,1600.0,3.0,6.3,2.1,3.3,7.8,1.1,18.2,5.901639344262295
NY,2020,4,2400.0,52000.0,4100.0,8.0,5000.0,10.0,,4.5,,7.2,4.1,19.2,7.884615384615385
NY,2021,1,2600.0,30000.0,4900.0,16.0,380.0,1.0,0.6,5.7,0.5,3.9,4.8,15.0,16.333333333333332
NY,2021,2,15000.0,50000.0,3000.0,6.0,4100.0,8.0,0.5,2.3,1.7,3.9,3.5,35.8,6.0
NY,2021,3,2200.0,67000.0,5500.0,8.0,5000.0,7.0,3.0,11.8,5.6,14.1,11.2,37.7,8.208955223880597
NY,2021,4,440.0,66000.0,21000.0,32.0,26000.0,39.0,1.0,13.6,1.3,34.5,3.5,48.0,31.818181818181817
NY,2022,1,370.0,44000.0,5500.0,13.0,730.0,2.0,,7.7,3.1,4.1,6.6,16.6,12.5
NY,2022,2,6000.0,57000.0,2000.0,4.0,4300.0,8.0,0.8,1.7,,3.4,1.0,23.0,3.508771929824561
NY,2022,3,2800.0,63000.0,4700.0,7.0,5500.0,9.0,9.3,16.7,21.1,13.8,7.8,57.3,7.4603174603174605
NY,2022,4,740.0,62000.0,14000.0,23.0,1600.0,3.0,19.1,41.1,19.5,38.8,3.4,59.3,22.580645161290324
NY,2023,1,560.0,40000.0,8000.0,20.0,510.0,1.0,22.6,3.9,1.4,10.3,4.9,33.5,20.0
NY,2023,2,6500.0,60000.0,1800.0,3.0,2100.0,4.0,2.0,9.7,2.1,8.9,,25.4,3.0
NY,2023,3,2000.0,65000.0,2900.0,4.0,5500.0,8.0,3.9,4.6,6.0,11.9,6.3,24.7,4.461538461538462
NY,2023,4,420.0,58000.0,5000.0,9.0,1300.0,2.0,2.9,15.8,4.5,18.5,5.2,35.1,8.620689655172415
NY,2024,1,1500.0,40000.0,2300.0,6.0,350.0,1.0,10.5,4.8,1.7,4.8,1.8,21.5,5.75
NY,2024,2,3500.0,50000.0,1600.0,3.0,3000.0,6.0,2.8,3.5,3.0,6.7,6.0,39.3,3.2
NY,2024,3,1600.0,51000.0,4600.0,9.0,1800.0,4.0,8.2,13.6,6.4,12.7,6.4,24.1,9.019607843137257
NY,2024,4,630.0,46000.0,3200.0,7.0,1000.0,2.0,2.5,2.9,1.9,7.1,3.6,31.5,6.956521739130435
NY,2025,1,6500.0,50000.0,2500.0,5.0,580.0,1.0,1.9,6.0,1.1,3.6,17.2,29.2,5.0
NY,2025,2,14000.0,53000.0,2000.0,4.0,3900.0,7.0,0.8,2.4,,2.1,1.0,14.7,3.7735849056603774
OH,2015,1,5000.0,22000.0,10500.0,48.0,3300.0,15.0,1.0,17.8,3.0,1.6,3.1,10.7,47.72727272727273
OH,2015,2,10000.0,19000.0,2100.0,11.0,6000.0,32.0,3.0,11.2,11.9,4.1,29.0,15.8,11.052631578947368
OH,2015,3,2300.0,23000.0,1900.0,8.0,880.0,4.0,0.6,1.6,23.4,8.0,1.7,30.7,8.26086956521739
OH,2015,4,200.0,19000.0,2400.0,13.0,140.0,1.0,2.0,14.5,7.3,8.8,2.1,36.3,12.63157894736842
OH,2016,1,760.0,16500.0,2900.0,18.0,50.0,0.0,0.2,10.2,1.3,4.3,5.3,41.6,17.575757575757574
OH,2016,2,6000.0,16500.0,1700.0,10.0,1100.0,7.0,0.6,2.9,18.3,2.2,1.4,10.6,10.303030303030305
OH,2016,3,980.0,21000.0,1600.0,8.0,630.0,3.0,2.3,3.6,2.9,10.6,3.2,60.6,7.619047619047619
OH,2016,4,20.0,19500.0,2100.0,11.0,140.0,1.0,0.8,11.2,4.2,18.1,10.9,42.0,10.76923076923077
OH,2017,1,1300.0,17500.0,4400.0,25.0,530.0,3.0,0.6,5.2,0.1,11.6,16.5,25.8,25.142857142857142
OH,2017,2,7000.0,15000.0,1100.0,7.0,2500.0,17.0,6.2,16.6,10.4,6.4,3.0,45.5,7.333333333333333
OH,2017,3,1100.0,23000.0,1800.0,8.0,1800.0,8.0,4.7,11.7,6.7,19.1,7.0,51.5,7.826086956521739
OH,2017,4,510.0,18500.0,2800.0,15.0,960.0,5.0,7.1,8.4,6.4,23.3,2.9,45.3,15.135135135135137
OH,2018,1,300.0,14000.0,4500.0,32.0,580.0,4.0,6.5,15.8,3.2,10.0,11.6,39.6,32.142857142857146
OH,2018,2,9000.0,13000.0,1500.0,12.0,2100.0,16.0,1.7,21.6,2.7,30.7,1.5,38.8,11.538461538461538
OH,2018,3,1300.0,16000.0,1300.0,8.0,2100.0,13.0,2.6,11.9,1.3,40.9,1.2,58.9,8.125
OH,2018,4,170.0,15500.0,2100.0,14.0,450.0,3.0,0.1,2.4,8.1,5.8,9.9,29.3,13.548387096774194
OH,2019,1,1700.0,12500.0,3500.0,28.0,440.0,4.0,11.1,6.7,1.1,9.9,3.1,49.3,28.0
OH,2019,3,2800.0,19500.0,1600.0,8.0,3000.0,15.0,4.2,5.9,1.8,23.0,3.9,40.6,8.205128205128204
OH,2019,4,800.0,19000.0,2700.0,14.0,390.0,2.0,0.4,3.3,0.6,5.6,7.6,33.2,14.210526315789474
OH,2020,1,840.0,21000.0,6000.0,29.0,1100.0,5.0,1.1,3.0,,3.6,13.4,17.6,28.571428571428573
OH,2020,2,9500.0,16500.0,1700.0,10.0,3700.0,22.0,6.2,7.3,5.8,12.0,13.3,23.8,10.303030303030305
OH,2020,3,730.0,22000.0,1900.0,9.0,2100.0,10.0,0.8,10.8,3.7,10.4,1.4,28.6,8.636363636363637
OH,2020,4,10.0,21000.0,1600.0,8.0,490.0,2.0,0.9,2.5,6.4,12.4,1.7,42.4,7.619047619047619
OH,2021,1,120.0,17500.0,4000.0,23.0,20.0,,2.9,8.2,2.0,14.4,4.9,26.6,22.857142857142858
OH,2021,2,8000.0,13500.0,820.0,6.0,2400.0,18.0,6.6,7.1,4.1,37.8,3.1,62.1,6.074074074074074
OH,2021,3,1300.0,21000.0,1700.0,8.0,4100.0,20.0,0.7,8.2,23.0,49.9,4.1,78.7,8.095238095238095
OH,2021,4,300.0,17000.0,1600.0,9.0,460.0,3.0,,1.5,2.5,10.9,6.6,36.6,9.411764705882351
OH,2022,1,1600.0,16000.0,2400.0,15.0,530.0,3.0,0.7,2.2,1.7,4.8,7.2,18.0,15.0
OH,2022,2,4400.0,15500.0,400.0,3.0,1200.0,8.0,5.5,2.3,3.1,5.3,2.0,67.0,2.5806451612903225
OH,2022,3,900.0,19000.0,1100.0,6.0,1500.0,8.0,,6.3,10.1,16.8,2.4,41.9,5.7894736842105265
OH,2022,4,700.0,17500.0,920.0,5.0,1200.0,7.0,,2.2,,8.2,2.6,15.2,5.257142857142857
OH,2023,1,190.0,21000.0,2500.0,12.0,160.0,1.0,0.0,20.1,11.5,10.6,4.3,37.8,11.904761904761903
OH,2023,2,8000.0,19500.0,1200.0,6.0,5000.0,26.0,0.7,1.0,5.7,33.5,4.4,65.3,6.153846153846154
OH,2023,3,380.0,27000.0,1600.0,6.0,1500.0,6.0,0.6,4.4,5.7,7.1,1.8,38.5,5.925925925925926
OH,2023,4,90.0,16000.0,1200.0,8.0,270.0,2.0,1.5,2.1,2.5,14.3,16.4,34.4,7.5
OH,2024,1,2500.0,26000.0,2100.0,8.0,150.0,1.0,2.1,5.4,1.7,9.7,3.1,35.3,8.076923076923077
OH,2024,2,4900.0,26000.0,660.0,3.0,4700.0,18.0,0.5,21.9,4.6,4.6,1.3,35.0,2.5384615384615383
OH,2024,3,1000.0,26000.0,1100.0,4.0,1500.0,6.0,,4.0,7.3,14.5,3.7,34.1,4.230769230769231
OH,2024,4,200.0,26000.0,3200.0,12.0,3100.0,12.0,1.8,4.2,1.6,6.6,8.2,53.5,12.307692307692308
OH,2025,1,5000.0,28000.0,1800.0,6.0,290.0,1.0,,10.6,0.9,4.5,5.0,24.0,6.428571428571429
OH,2025,2,8500.0,25000.0,2200.0,9.0,4900.0,20.0,1.7,13.6,7.0,17.7,2.4,39.3,8.8
OK,2015,1,2600.0,26000.0,6000.0,23.0,260.0,1.0,0.5,2.1,0.0,10.1,2.9,14.5,23.076923076923077
OK,2015,2,5500.0,27000.0,2200.0,8.0,2200.0,8.0,0.0,7.0,0.1,6.3,1.9,66.1,8.148148148148149
OK,2015,3,160.0,22000.0,230.0,1.0,190.0,1.0,0.1,0.6,0.1,2.3,0.4,1.6,1.0454545454545454
OK,2015,4,290.0,10000.0,650.0,7.0,60.0,1.0,0.1,1.3,0.1,4.5,2.5,2.8,6.5
OK,2016,1,4800.0,13500.0,3300.0,24.0,570.0,4.0,0.0,0.9,0.3,1.2,21.0,4.9,24.444444444444443
OK,2016,2,4000.0,13000.0,310.0,2.0,10000.0,77.0,0.2,0.6,1.2,2.8,0.4,51.8,2.3846153846153846
OK,2016,3,30.0,3700.0,560.0,15.0,30.0,1.0,0.3,1.4,0.7,6.5,21.8,7.5,15.135135135135137
OK,2016,4,120.0,44000.0,2700.0,6.0,30.0,0.0,0.0,0.1,0.1,0.5,0.7,4.9,6.136363636363637
OK,2017,1,9500.0,26000.0,550.0,2.0,1700.0,7.0,0.0,0.5,0.1,1.0,0.3,11.9,2.1153846153846154
OK,2017,2,4700.0,17000.0,200.0,1.0,1200.0,7.0,11.2,7.7,0.5,2.3,0.3,23.6,1.1764705882352942
OK,2017,3,80.0,4400.0,510.0,12.0,270.0,6.0,10.0,4.7,3.8,23.0,2.0,22.0,11.590909090909092
OK,2017,4,40.0,46000.0,100.0,,,0.0,0.0,,0.0,0.5,0.2,1.0,0.217391304347826
OK,2018,1,890.0,18000.0,3700.0,21.0,240.0,1.0,3.2,3.1,0.1,8.5,2.0,24.1,20.555555555555557
OK,2018,2,10500.0,15500.0,1700.0,11.0,6500.0,42.0,9.6,12.4,26.7,10.9,0.1,60.2,10.96774193548387
OK,2018,3,20.0,2100.0,370.0,18.0,10.0,,0.1,17.2,23.5,51.1,23.4,59.6,17.61904761904762
OK,2018,4,60.0,57000.0,2500.0,4.0,20.0,,,,0.0,0.4,0.3,13.1,4.385964912280702
OK,2019,1,20.0,55000.0,50.0,,0.0,0.0,0.0,,0.0,0.3,,7.7,0.0909090909090909
OK,2019,3,130.0,7500.0,930.0,12.0,1100.0,15.0,0.1,4.1,0.1,1.4,4.4,29.0,12.4
OK,2019,4,460.0,37000.0,2500.0,7.0,,0.0,0.0,0.4,0.4,0.4,0.1,1.0,6.756756756756757
OK,2020,1,5000.0,19500.0,700.0,4.0,,0.0,,,0.5,0.6,,11.4,3.58974358974359
OK,2020,2,6000.0,16000.0,1500.0,9.0,3100.0,19.0,,15.1,0.9,3.9,5.1,16.2,9.375
OK,2020,3,150.0,8000.0,1100.0,14.0,930.0,12.0,0.9,2.4,1.7,8.0,0.8,52.4,13.75
OK,2020,4,250.0,28000.0,300.0,1.0,,0.0,,,,1.1,0.8,2.3,1.0714285714285714
OK,2021,1,4100.0,28000.0,2600.0,9.0,360.0,1.0,0.0,4.2,,,2.0,7.6,9.285714285714286
OK,2021,2,4200.0,17000.0,3600.0,21.0,190.0,1.0,,7.0,,2.1,1.0,3.1,21.176470588235293
OK,2021,3,340.0,3300.0,260.0,8.0,20.0,1.0,0.5,6.2,,9.4,1.4,14.5,7.878787878787879
OK,2021,4,230.0,21000.0,1400.0,7.0,950.0,5.0,,,0.5,3.2,0.8,5.6,6.666666666666667
OK,2022,1,50.0,20000.0,3000.0,15.0,3500.0,18.0,0.0,0.0,0.0,,,18.8,15.0
OK,2022,2,10500.0,20000.0,10000.0,50.0,2100.0,11.0,0.0,9.8,1.4,2.6,0.7,18.4,50.0
OK,2022,3,300.0,2100.0,120.0,6.0,90.0,4.0,0.6,8.1,10.0,1.5,1.6,27.1,5.714285714285714
OK,2022,4,0.0,16500.0,180.0,1.0,,0.0,0.0,0.9,1.3,1.1,,10.4,1.0909090909090908
OK,2023,1,10.0,17000.0,1600.0,9.0,0.0,0.0,0.0,2.8,,1.1,,4.7,9.411764705882351
OK,2023,2,6000.0,13000.0,320.0,2.0,2900.0,22.0,0.0,0.7,0.0,0.9,,4.0,2.4615384615384617
OK,2023,3,20.0,3200.0,200.0,6.0,30.0,1.0,,1.8,0.0,0.0,0.0,12.0,6.25
OK,2023,4,10.0,17500.0,100.0,1.0,20.0,,0.0,,0.0,0.0,,2.5,0.5714285714285714
OK,2024,1,3000.0,18000.0,2200.0,12.0,320.0,2.0,3.3,1.0,1.1,18.8,0.9,34.0,12.22222222222222
OK,2024,2,7500.0,15500.0,1300.0,8.0,4100.0,26.0,1.9,7.8,1.5,2.3,,13.4,8.387096774193548
OR,2015,1,4300.0,87000.0,6500.0,8.0,2400.0,3.0,0.4,1.6,0.6,2.0,1.1,20.2,7.471264367816092
OR,2015,2,14500.0,95000.0,5500.0,6.0,9500.0,10.0,13.2,5.8,16.0,20.9,0.4,39.3,5.7894736842105265
OR,2015,3,8000.0,100000.0,8500.0,9.0,21000.0,21.0,5.2,4.8,3.1,20.8,3.8,56.0,8.5
OR,2015,4,200.0,114000.0,8500.0,8.0,1400.0,1.0,1.5,1.7,1.5,1.3,1.5,16.4,7.456140350877193
OR,2016,1,3800.0,92000.0,2900.0,3.0,1300.0,1.0,5.3,2.4,0.0,15.0,0.3,20.4,3.152173913043478
OR,2016,2,19000.0,132000.0,4300.0,3.0,16000.0,12.0,9.9,16.7,2.6,14.5,6.0,52.7,3.257575757575758
OR,2016,3,2900.0,112000.0,7500.0,7.0,4300.0,4.0,12.5,5.1,9.6,18.5,1.5,52.9,6.696428571428571
OR,2016,4,1500.0,124000.0,9500.0,8.0,1000.0,1.0,13.0,2.6,2.8,2.8,1.3,25.5,7.661290322580645
OR,2017,1,7500.0,90000.0,8000.0,9.0,1400.0,2.0,10.1,15.4,9.1,8.5,8.5,28.7,8.88888888888889
OR,2017,2,15500.0,92000.0,5000.0,5.0,22000.0,24.0,8.8,15.8,3.5,10.6,11.3,37.2,5.434782608695652
OR,2017,3,7500.0,101000.0,13500.0,13.0,28000.0,28.0,11.3,6.4,13.2,10.6,1.8,54.4,13.366336633663366
OR,2017,4,70.0,94000.0,10000.0,11.0,18500.0,20.0,28.0,3.9,14.2,23.3,1.8,50.6,10.638297872340424
OR,2018,1,16500.0,89000.0,4800.0,5.0,3900.0,4.0,1.2,3.7,6.7,0.7,1.0,36.0,5.393258426966292
OR,2018,2,17500.0,107000.0,3400.0,3.0,24000.0,22.0,8.1,15.6,6.6,3.5,0.2,46.1,3.177570093457944
OR,2018,3,3000.0,117000.0,13000.0,11.0,49000.0,42.0,7.0,10.7,45.1,2.8,0.8,57.2,11.11111111111111
OR,2018,4,10500.0,101000.0,13000.0,13.0,12000.0,12.0,16.0,0.9,14.8,4.6,0.2,44.1,12.871287128712872
OR,2019,1,8000.0,95000.0,7500.0,8.0,1800.0,2.0,0.2,2.7,0.2,0.1,0.5,18.0,7.894736842105263
OR,2019,3,6000.0,118000.0,8000.0,7.0,21000.0,18.0,19.8,16.6,15.1,12.8,0.4,35.4,6.779661016949152
OR,2019,4,650.0,130000.0,15000.0,12.0,2000.0,2.0,4.7,16.6,1.8,2.1,16.0,35.8,11.538461538461538
OR,2020,1,9000.0,108000.0,4800.0,4.0,1700.0,2.0,10.8,1.3,14.5,10.4,,24.4,4.444444444444445
OR,2020,2,11000.0,96000.0,2500.0,3.0,19000.0,20.0,7.5,5.9,2.2,1.7,0.7,28.0,2.6041666666666665
OR,2020,3,13000.0,124000.0,12000.0,10.0,28000.0,23.0,3.8,7.1,0.5,2.5,2.4,42.4,9.67741935483871
OR,2020,4,7000.0,123000.0,15500.0,13.0,2600.0,2.0,3.7,3.8,1.6,4.6,3.9,28.5,12.601626016260164
OR,2021,1,1600.0,80000.0,3100.0,4.0,610.0,1.0,1.4,1.2,0.0,10.7,0.6,12.8,3.875
OR,2021,2,25000.0,108000.0,3300.0,3.0,19500.0,18.0,6.2,6.5,10.1,8.3,1.8,17.2,3.0555555555555554
OR,2021,3,9000.0,132000.0,14000.0,11.0,13500.0,10.0,3.4,9.6,10.9,8.4,1.3,39.4,10.606060606060606
OR,2021,4,680.0,103000.0,10500.0,10.0,29000.0,28.0,8.7,1.3,2.0,23.3,,28.8,10.194174757281552
OR,2022,1,2400.0,96000.0,5000.0,5.0,310.0,,0.0,,1.4,0.0,1.1,11.4,5.208333333333333
OR,2022,2,12500.0,96000.0,13000.0,14.0,19500.0,20.0,9.5,17.5,16.1,23.2,,57.3,13.541666666666666
OR,2022,3,2600.0,97000.0,10500.0,11.0,6500.0,7.0,6.1,12.7,4.3,10.0,0.5,32.0,10.824742268041238
OR,2022,4,10000.0,83000.0,15000.0,18.0,110.0,,19.8,3.3,15.8,25.5,1.7,63.4,18.072289156626507
OR,2023,1,1500.0,97000.0,8000.0,8.0,500.0,1.0,6.0,11.4,,13.1,2.0,28.7,8.24742268041237
OR,2023,2,29000.0,95000.0,23000.0,24.0,31000.0,33.0,3.5,4.3,14.3,9.3,,27.9,24.210526315789473
OR,2023,3,5000.0,112000.0,11500.0,10.0,28000.0,25.0,26.6,26.4,24.2,21.2,1.2,64.0,10.267857142857142
OR,2023,4,760.0,113000.0,6500.0,6.0,10000.0,9.0,3.0,0.7,0.5,2.5,1.4,51.1,5.752212389380531
OR,2024,1,12300.0,101000.0,8000.0,8.0,5500.0,5.0,22.6,0.0,22.3,1.5,,24.3,7.920792079207921
OR,2024,2,21000.0,105000.0,9000.0,9.0,13500.0,13.0,3.5,,2.2,0.9,0.0,5.3,8.571428571428571
OR,2024,3,3100.0,130000.0,29000.0,22.0,21000.0,16.0,7.0,2.5,19.5,3.8,,66.2,22.307692307692307
OR,2024,4,5000.0,104000.0,18000.0,17.0,4800.0,5.0,,,3.9,1.1,1.6,45.8,17.307692307692307
OR,2025,1,20500.0,105500.0,9000.0,9.0,19000.0,18.0,2.0,0.0,,0.0,2.0,27.2,8.530805687203792
OR,2025,2,27000.0,106000.0,5500.0,5.0,14500.0,14.0,6.6,13.8,10.7,,1.0,10.2,5.188679245283019
OT,2015,1,870.0,8990.0,2080.0,23.0,150.0,2.0,0.0,0.9,0.1,0.1,0.0,0.8,23.136818687430477
OT,2015,2,4140.0,11200.0,1940.0,17.0,1960.0,18.0,0.0,0.1,0.0,9.1,0.0,36.3,17.321428571428573
OT,2015,3,1050.0,12280.0,900.0,7.0,700.0,6.0,0.0,0.7,0.4,0.2,0.2,8.8,7.328990228013029
OT,2015,4,100.0,12560.0,1630.0,13.0,50.0,0.0,0.0,0.0,0.0,0.0,8.0,8.2,12.977707006369426
OT,2016,1,60.0,7940.0,900.0,11.0,0.0,0.0,0.5,8.6,2.1,2.3,0.1,5.5,11.33501259445844
OT,2016,2,3270.0,15530.0,1070.0,7.0,270.0,2.0,0.0,0.6,0.8,0.2,5.4,7.6,6.889890534449453
OT,2016,3,1690.0,11890.0,1920.0,16.0,430.0,4.0,0.5,2.3,0.0,1.6,9.8,7.8,16.14802354920101
OT,2016,4,20.0,6460.0,580.0,9.0,0.0,0.0,9.3,2.3,9.6,9.3,1.4,24.1,8.978328173374614
OT,2017,1,130.0,6490.0,1540.0,24.0,50.0,1.0,6.6,1.8,2.6,0.8,2.5,3.4,23.728813559322035
OT,2017,2,870.0,7160.0,160.0,2.0,940.0,13.0,0.3,3.9,0.0,0.4,0.6,6.7,2.23463687150838
OT,2017,3,380.0,10000.0,1070.0,11.0,650.0,7.0,2.3,1.2,6.7,4.7,1.3,51.1,10.7
OT,2017,4,150.0,6970.0,360.0,5.0,240.0,3.0,3.0,1.0,2.2,1.7,2.4,11.5,5.164992826398852
OT,2018,1,160.0,7020.0,1870.0,27.0,40.0,1.0,0.1,1.9,0.0,0.4,1.1,20.7,26.63817663817664
OT,2018,2,1750.0,8670.0,380.0,4.0,1030.0,12.0,0.9,3.5,,0.9,0.2,19.8,4.382929642445213
OT,2018,3,480.0,9990.0,890.0,9.0,440.0,4.0,1.3,4.9,2.9,2.4,0.7,22.8,8.90890890890891
OT,2018,4,20.0,8670.0,1150.0,13.0,500.0,6.0,0.2,1.5,5.4,0.2,5.4,12.7,13.2641291810842
OT,2019,1,70.0,6070.0,590.0,10.0,30.0,0.0,0.3,2.1,0.0,1.8,1.6,6.9,9.71993410214168
OT,2019,3,320.0,13900.0,2080.0,15.0,900.0,6.0,4.2,1.4,7.7,4.5,0.1,11.3,14.964028776978417
OT,2019,4,280.0,11510.0,1340.0,12.0,0.0,0.0,0.3,32.4,0.3,2.3,0.9,13.6,11.642050390964378
OT,2020,1,560.0,7800.0,440.0,6.0,20.0,,,0.8,0.0,0.0,,5.8,5.641025641025641
OT,2020,2,1400.0,9840.0,260.0,3.0,1500.0,15.0,0.5,,0.0,0.8,,12.8,2.6422764227642275
OT,2020,3,2230.0,11630.0,2080.0,18.0,700.0,6.0,,14.1,6.3,7.1,,76.4,17.884780739466898
OT,2020,4,80.0,10740.0,2470.0,23.0,1300.0,12.0,,12.5,,1.1,7.4,44.5,22.998137802607076
OT,2021,1,750.0,6640.0,540.0,8.0,70.0,1.0,4.1,6.6,,1.2,1.1,19.4,8.132530120481928
OT,2021,2,2880.0,8460.0,140.0,2.0,3130.0,37.0,,5.7,4.6,,4.7,42.8,1.6548463356973997
OT,2021,3,210.0,10990.0,530.0,5.0,1460.0,13.0,,4.6,11.0,10.9,2.2,31.7,4.822565969062785
OT,2021,4,140.0,8990.0,510.0,6.0,110.0,1.0,0.9,4.2,,,,14.2,5.672969966629588
OT,2022,1,620.0,30870.0,2310.0,7.0,1060.0,3.0,1.0,2.8,,58.9,,65.6,7.482993197278912
OT,2022,2,3630.0,32390.0,540.0,2.0,2500.0,8.0,4.8,5.6,1.6,45.8,1.6,57.3,1.667181228774313
OT,2022,3,920.0,33930.0,630.0,2.0,910.0,3.0,2.1,4.4,5.3,4.5,2.2,22.5,1.856763925729443
OT,2022,4,1190.0,30030.0,480.0,2.0,130.0,,,0.0,,18.5,0.7,22.4,1.5984015984015985
OT,2023,1,2510.0,31050.0,730.0,2.0,470.0,2.0,13.2,1.1,0.0,17.7,,21.3,2.3510466988727856
OT,2023,2,2920.0,32700.0,1170.0,4.0,3600.0,11.0,3.9,0.5,2.0,3.5,,10.3,3.5779816513761467
OT,2023,3,1260.0,21660.0,740.0,3.0,950.0,4.0,,6.5,0.0,21.8,,30.7,3.416435826408126
OT,2023,4,1680.0,22160.0,3200.0,14.0,4350.0,20.0,12.7,3.6,2.8,40.4,2.2,49.7,14.440433212996387
OT,2024,1,2650.0,26150.0,1030.0,4.0,660.0,3.0,0.8,5.7,0.0,15.8,,29.3,3.9388145315487577
OT,2024,2,2500.0,28035.0,1460.0,5.0,2110.0,8.0,29.0,8.7,2.7,30.0,4.2,31.2,5.207775994292848
OT,2024,3,23920.0,397510.0,42040.0,11.0,22750.0,6.0,0.9,5.5,3.9,11.2,2.4,26.9,10.575834570199492
OT,2024,4,6190.0,454980.0,54270.0,12.0,4550.0,1.0,8.9,13.9,8.3,13.4,11.2,29.8,11.927996835025716
OT,2025,1,103580.0,366410.0,34460.0,9.0,5710.0,2.0,4.4,9.4,5.4,10.2,8.9,21.9,9.404765153789471
OT,2025,2,137910.0,363840.0,32200.0,9.0,51190.0,14.0,5.1,5.7,7.6,8.0,4.9,38.8,8.85004397537379
PA,2015,1,360.0,21000.0,6500.0,31.0,0.0,0.0,1.9,17.8,1.9,6.3,6.3,28.1,30.952380952380953
PA,2015,2,8500.0,19000.0,1600.0,8.0,2600.0,14.0,2.6,6.7,1.6,5.8,2.1,11.4,8.421052631578947
PA,2015,3,1800.0,25000.0,1800.0,7.0,2400.0,10.0,3.7,7.2,5.1,11.3,0.8,45.1,7.2
PA,2015,4,1300.0,23000.0,2500.0,11.0,6500.0,28.0,1.0,0.8,0.3,4.3,1.0,32.2,10.869565217391305
PA,2016,1,480.0,12500.0,2900.0,23.0,170.0,1.0,0.3,5.5,3.8,4.3,4.6,44.8,23.2
PA,2016,2,6500.0,14000.0,1300.0,9.0,1100.0,8.0,2.4,4.6,3.6,3.9,0.9,18.7,9.285714285714286
PA,2016,3,680.0,22000.0,1300.0,6.0,780.0,4.0,1.6,2.8,4.3,7.7,1.2,27.3,5.909090909090909
PA,2016,4,120.0,21000.0,3100.0,15.0,180.0,1.0,1.0,4.9,2.8,2.6,3.1,18.7,14.761904761904765
PA,2017,1,810.0,18000.0,4000.0,22.0,390.0,2.0,0.8,3.6,2.9,2.4,7.2,20.9,22.22222222222222
PA,2017,2,7500.0,17500.0,540.0,3.0,2300.0,13.0,0.7,2.4,1.5,1.0,1.5,13.5,3.085714285714286
PA,2017,3,6000.0,18500.0,1500.0,8.0,1600.0,9.0,2.7,2.2,3.7,5.7,0.9,41.4,8.108108108108109
PA,2017,4,2500.0,24000.0,5500.0,23.0,1100.0,5.0,1.0,2.9,6.9,5.4,2.3,44.7,22.916666666666668
PA,2018,1,1200.0,15000.0,3300.0,22.0,670.0,4.0,3.3,5.9,9.3,5.6,9.9,34.4,22.0
PA,2018,2,6000.0,19500.0,1100.0,6.0,1600.0,8.0,2.2,1.6,2.0,16.0,1.9,31.3,5.641025641025641
PA,2018,3,2900.0,21000.0,860.0,4.0,2300.0,11.0,1.9,1.7,1.6,8.1,2.6,23.5,4.095238095238095
PA,2018,4,270.0,21000.0,4000.0,19.0,1500.0,7.0,6.7,7.8,13.0,10.7,5.4,26.9,19.047619047619047
PA,2019,1,370.0,15000.0,2900.0,19.0,320.0,2.0,3.7,7.5,4.0,4.6,9.5,15.3,19.333333333333332
PA,2019,3,1800.0,20000.0,980.0,5.0,1900.0,10.0,1.8,1.5,5.0,8.8,5.6,23.4,4.9
PA,2019,4,1600.0,21000.0,3800.0,18.0,1100.0,5.0,1.0,2.3,3.2,4.6,2.9,33.2,18.095238095238095
PA,2020,1,370.0,26000.0,2100.0,8.0,320.0,1.0,2.8,2.7,1.8,3.9,3.2,15.5,8.076923076923077
PA,2020,2,5500.0,28000.0,930.0,3.0,1500.0,5.0,1.4,3.3,,2.6,1.3,26.6,3.3214285714285716
PA,2020,3,2500.0,27000.0,2200.0,8.0,1200.0,4.0,1.2,5.5,1.6,12.3,2.3,32.2,8.148148148148149
PA,2020,4,580.0,25000.0,1900.0,8.0,440.0,2.0,1.3,1.8,1.9,3.9,2.6,28.1,7.6
PA,2021,1,1100.0,24000.0,5500.0,23.0,40.0,,,6.8,0.0,11.6,8.6,18.1,22.916666666666668
PA,2021,2,7000.0,23000.0,2000.0,9.0,2700.0,12.0,1.4,1.2,2.6,5.0,0.5,21.4,8.695652173913043
PA,2021,3,740.0,28000.0,1600.0,6.0,980.0,4.0,1.0,4.2,2.6,15.3,3.8,40.5,5.714285714285714
PA,2021,4,250.0,26000.0,2400.0,9.0,150.0,1.0,3.5,7.0,3.4,8.2,1.1,30.3,9.23076923076923
PA,2022,1,2500.0,23000.0,2800.0,12.0,360.0,2.0,,3.1,0.6,3.9,3.0,14.6,12.173913043478262
PA,2022,2,7000.0,24000.0,730.0,3.0,2300.0,10.0,0.6,1.1,,3.3,2.1,19.0,3.0416666666666665
PA,2022,3,1600.0,30000.0,1600.0,5.0,1200.0,4.0,0.6,3.7,1.7,4.6,0.8,25.8,5.333333333333333
PA,2022,4,250.0,30000.0,3500.0,12.0,1100.0,4.0,1.5,3.1,7.1,12.6,4.9,49.4,11.666666666666666
PA,2023,1,430.0,29000.0,4800.0,17.0,490.0,2.0,2.5,2.0,0.7,4.6,7.7,20.9,16.551724137931036
PA,2023,2,8000.0,29000.0,1700.0,6.0,2200.0,8.0,2.7,1.1,6.9,7.2,1.1,13.8,5.862068965517241
PA,2023,3,1400.0,32000.0,1300.0,4.0,1000.0,3.0,1.4,1.3,2.7,4.0,1.6,19.6,4.0625
PA,2023,4,1300.0,25000.0,2300.0,9.0,820.0,3.0,,1.1,8.8,10.4,3.0,30.1,9.2
PA,2024,1,2130.0,26000.0,2800.0,11.0,600.0,2.0,1.9,3.2,0.0,2.3,5.7,16.5,10.76923076923077
PA,2024,2,5500.0,25000.0,1600.0,6.0,1500.0,6.0,1.2,2.0,7.7,10.7,1.8,30.1,6.4
PA,2024,3,1400.0,29000.0,1900.0,7.0,970.0,3.0,1.1,4.1,4.8,13.1,4.9,27.1,6.551724137931035
PA,2024,4,360.0,29000.0,2000.0,7.0,580.0,2.0,2.7,4.4,7.3,13.3,2.3,30.3,6.896551724137931
PA,2025,1,6000.0,29500.0,1000.0,3.0,370.0,1.0,2.2,3.6,1.8,6.3,4.6,18.4,3.389830508474576
PA,2025,2,8500.0,30000.0,930.0,3.0,2700.0,9.0,1.1,3.4,,9.9,2.0,44.1,3.1
SC,2015,1,2700.0,17500.0,2700.0,15.0,1400.0,8.0,0.2,3.6,0.3,2.3,2.9,10.5,15.428571428571429
SC,2015,2,1100.0,18500.0,950.0,5.0,2000.0,11.0,0.5,3.7,1.4,5.4,0.7,29.9,5.135135135135135
SC,2015,3,880.0,12000.0,2000.0,17.0,580.0,5.0,18.3,3.9,14.7,31.0,3.0,58.4,16.666666666666668
SC,2015,4,640.0,17500.0,2200.0,13.0,1000.0,6.0,0.4,5.8,1.7,2.9,0.0,14.2,12.571428571428571
SC,2016,1,3200.0,16500.0,3500.0,21.0,380.0,2.0,0.6,5.1,2.0,2.3,4.8,10.7,21.21212121212121
SC,2016,2,2200.0,13500.0,1300.0,10.0,410.0,3.0,1.0,14.3,35.8,36.6,1.3,51.3,9.62962962962963
SC,2016,3,990.0,13500.0,920.0,7.0,50.0,0.0,0.1,2.6,2.6,18.8,1.9,20.4,6.814814814814815
SC,2016,4,760.0,17000.0,1300.0,8.0,370.0,2.0,23.3,25.9,24.6,27.1,1.9,29.0,7.647058823529412
SC,2017,1,4700.0,17500.0,1600.0,9.0,970.0,6.0,0.4,2.7,1.1,5.3,1.8,12.6,9.142857142857142
SC,2017,2,3000.0,20000.0,870.0,4.0,3700.0,19.0,15.1,4.1,18.5,21.7,0.4,24.3,4.35
SC,2017,3,640.0,14500.0,1700.0,12.0,440.0,3.0,0.2,5.2,3.0,11.8,0.8,26.4,11.724137931034482
SC,2017,4,1300.0,15000.0,2000.0,13.0,750.0,5.0,14.6,1.9,0.2,19.4,1.9,31.6,13.333333333333334
SC,2018,1,1900.0,14500.0,1800.0,12.0,2800.0,19.0,0.7,13.5,2.6,15.5,3.0,29.3,12.413793103448276
SC,2018,2,2600.0,14000.0,1300.0,9.0,4000.0,29.0,0.7,10.0,1.6,3.5,3.0,14.2,9.285714285714286
SC,2018,3,670.0,11500.0,1400.0,12.0,1100.0,10.0,0.7,7.6,32.4,53.4,0.9,76.8,12.173913043478262
SC,2018,4,770.0,12500.0,1500.0,12.0,790.0,6.0,0.3,1.3,1.4,16.1,5.5,32.2,12.0
SC,2019,1,2000.0,13000.0,690.0,5.0,340.0,3.0,,12.4,1.7,14.5,1.0,18.5,5.3076923076923075
SC,2019,3,2000.0,14500.0,2200.0,15.0,1400.0,10.0,0.6,19.6,16.2,11.6,3.7,44.9,15.172413793103448
SC,2019,4,1400.0,13500.0,1900.0,14.0,430.0,3.0,1.7,13.1,3.5,18.4,6.3,56.7,14.074074074074074
SC,2020,1,2700.0,17000.0,1400.0,8.0,1100.0,6.0,9.6,6.4,,11.5,5.4,15.5,8.235294117647058
SC,2020,2,2700.0,18500.0,1700.0,9.0,2500.0,14.0,0.5,5.7,,6.2,0.5,29.1,9.18918918918919
SC,2020,3,1200.0,13500.0,1800.0,13.0,2200.0,16.0,,1.5,6.2,28.9,0.9,27.1,13.333333333333334
SC,2020,4,270.0,18500.0,2600.0,14.0,210.0,1.0,0.0,2.7,1.3,4.2,3.8,22.9,14.054054054054054
SC,2021,1,930.0,18000.0,1200.0,7.0,190.0,1.0,,4.1,3.2,10.1,0.9,48.5,6.666666666666667
SC,2021,2,4200.0,19000.0,1700.0,9.0,4900.0,26.0,2.1,9.1,,32.7,5.0,48.4,8.947368421052632
SC,2021,3,2500.0,20000.0,2200.0,11.0,460.0,2.0,2.8,4.3,1.3,5.3,3.2,15.8,11.0
SC,2021,4,70.0,21000.0,3200.0,15.0,150.0,1.0,,0.8,11.3,5.5,2.0,28.1,15.238095238095235
SC,2022,1,4500.0,20000.0,2500.0,13.0,830.0,4.0,0.0,4.5,,3.8,3.1,38.0,12.5
SC,2022,2,3500.0,23000.0,2500.0,11.0,3200.0,14.0,0.0,1.2,12.8,29.2,0.9,30.0,10.869565217391305
SC,2022,3,760.0,15500.0,2500.0,16.0,700.0,5.0,5.6,7.1,6.7,24.7,5.6,34.9,16.129032258064516
SC,2022,4,500.0,15500.0,1700.0,11.0,910.0,6.0,0.0,4.9,0.5,2.4,1.4,23.6,10.96774193548387
SC,2023,1,2700.0,16000.0,1700.0,11.0,800.0,5.0,0.0,10.4,,7.3,7.4,32.2,10.625
SC,2023,2,2800.0,17500.0,1200.0,7.0,2600.0,15.0,0.7,16.0,,5.8,2.7,32.7,6.857142857142857
SC,2023,3,1100.0,16000.0,2300.0,14.0,700.0,4.0,,13.6,3.4,24.6,1.4,53.3,14.375
SC,2023,4,530.0,18000.0,1300.0,7.0,1200.0,7.0,9.5,5.9,16.3,8.0,10.2,48.9,7.222222222222222
SC,2024,1,2800.0,14000.0,870.0,6.0,820.0,6.0,,3.3,1.8,7.4,3.5,36.1,6.214285714285714
SC,2024,2,2300.0,14500.0,470.0,3.0,4900.0,34.0,1.9,5.4,8.2,26.7,1.2,31.6,3.2413793103448274
SD,2015,1,8500.0,97000.0,4600.0,5.0,2800.0,3.0,0.3,1.2,0.5,0.9,1.8,1.2,4.742268041237113
SD,2015,2,27000.0,290000.0,21000.0,7.0,23000.0,8.0,1.8,1.4,2.0,11.1,1.5,9.8,7.241379310344827
SD,2015,3,2100.0,295000.0,53000.0,18.0,13000.0,4.0,2.0,1.9,7.1,7.3,5.7,22.0,17.966101694915253
SD,2015,4,2400.0,205000.0,9000.0,4.0,0.0,0.0,1.9,2.4,7.1,3.0,4.1,16.8,4.390243902439025
SD,2016,1,1600.0,79000.0,10500.0,13.0,0.0,0.0,0.0,0.5,0.0,0.0,0.3,0.2,13.291139240506327
SD,2016,2,15000.0,182000.0,11000.0,6.0,13000.0,7.0,1.7,15.4,5.1,6.6,0.1,32.4,6.043956043956044
SD,2016,3,4200.0,191000.0,25000.0,13.0,9500.0,5.0,14.2,4.6,22.7,19.5,2.8,48.8,13.089005235602096
SD,2016,4,0.0,146000.0,11000.0,8.0,2400.0,2.0,0.3,1.0,6.0,5.3,0.3,48.9,7.534246575342466
SD,2017,1,1500.0,48000.0,2700.0,6.0,440.0,1.0,0.0,0.2,0.0,0.0,0.3,2.9,5.625
SD,2017,2,10000.0,168000.0,13000.0,8.0,23000.0,14.0,1.0,5.0,6.4,1.4,3.6,8.7,7.738095238095238
SD,2017,3,6000.0,159000.0,16500.0,10.0,7500.0,5.0,5.0,27.0,10.1,13.4,2.5,47.4,10.37735849056604
SD,2017,4,0.0,111000.0,6500.0,6.0,,0.0,4.1,7.5,4.4,0.1,2.7,17.3,5.855855855855856
SD,2018,1,250.0,29000.0,390.0,1.0,90.0,,,0.5,,0.1,0.1,4.4,1.3448275862068966
SD,2018,2,12500.0,169000.0,17000.0,10.0,65000.0,38.0,7.3,37.5,3.8,40.4,,55.1,10.059171597633137
SD,2018,3,8000.0,197000.0,22000.0,11.0,6500.0,3.0,3.3,45.0,8.5,32.9,1.6,54.7,11.16751269035533
SD,2018,4,2000.0,140000.0,21000.0,15.0,430.0,,7.0,2.1,1.6,1.3,2.5,12.8,15.0
SD,2019,1,0.0,18500.0,1100.0,6.0,0.0,0.0,0.0,0.8,2.5,,2.2,0.8,5.945945945945946
SD,2019,3,1300.0,255000.0,51000.0,20.0,8000.0,3.0,0.3,4.0,14.0,3.5,1.5,10.4,20.0
SD,2019,4,0.0,189000.0,7500.0,4.0,40.0,,3.2,11.2,5.6,6.1,1.5,12.2,3.968253968253968
SD,2020,1,20.0,20000.0,1200.0,6.0,,0.0,0.0,,2.1,,,14.7,6.0
SD,2020,2,10000.0,220000.0,4600.0,2.0,14500.0,7.0,4.8,52.5,,46.4,5.3,53.3,2.090909090909091
SD,2020,3,30000.0,235000.0,66000.0,28.0,12500.0,5.0,2.1,61.4,64.9,7.0,2.0,87.0,28.08510638297872
SD,2020,4,1000.0,197000.0,16000.0,8.0,150.0,,6.5,,4.5,1.4,1.8,22.6,8.121827411167512
SD,2021,1,0.0,34000.0,450.0,1.0,0.0,0.0,0.0,,,0.0,0.8,8.6,1.3235294117647058
SD,2021,2,39000.0,210000.0,7000.0,3.0,19000.0,9.0,3.6,27.3,4.2,12.0,0.7,49.4,3.3333333333333335
SD,2021,3,7000.0,235000.0,29000.0,12.0,3100.0,1.0,1.1,14.1,3.9,4.6,1.3,18.3,12.340425531914894
SD,2021,4,1400.0,190000.0,11500.0,6.0,120.0,,,1.7,7.4,9.0,1.6,45.8,6.052631578947368
SD,2022,1,40.0,28000.0,1000.0,4.0,0.0,0.0,0.0,1.8,,3.4,,4.2,3.5714285714285716
SD,2022,2,2000.0,177000.0,4200.0,2.0,19000.0,11.0,0.0,13.9,2.6,31.6,1.4,47.4,2.3728813559322033
SD,2022,3,250.0,194000.0,22000.0,11.0,2500.0,1.0,,18.1,16.8,3.4,0.5,24.7,11.34020618556701
SD,2022,4,20.0,175000.0,27000.0,15.0,10.0,,5.0,9.4,11.4,30.7,,67.1,15.428571428571429
SD,2023,1,0.0,93000.0,2200.0,2.0,0.0,0.0,,1.8,,0.0,1.0,2.7,2.3655913978494625
SD,2023,2,11500.0,146000.0,2600.0,2.0,26000.0,18.0,,1.3,6.0,7.2,0.9,13.6,1.7808219178082192
SD,2023,3,750.0,200000.0,20000.0,10.0,2300.0,1.0,3.1,8.1,8.0,4.0,0.9,26.3,10.0
SD,2023,4,250.0,188000.0,2600.0,1.0,1400.0,1.0,2.0,17.7,15.0,48.5,0.0,52.7,1.3829787234042554
SD,2024,1,5000.0,78000.0,2000.0,3.0,50.0,0.0,2.7,0.0,,2.7,,10.7,2.5641025641025643
SD,2024,2,17000.0,217000.0,8000.0,4.0,1900.0,1.0,,1.5,12.7,7.5,,14.0,3.686635944700461
SD,2024,3,110.0,225000.0,15000.0,7.0,3000.0,1.0,,2.3,5.5,5.9,1.7,18.1,6.666666666666667
SD,2024,4,200.0,200000.0,20000.0,10.0,2200.0,1.0,1.1,0.6,19.7,,0.8,12.6,10.0
SD,2025,1,1500.0,80000.0,4600.0,6.0,40.0,0.0,1.6,0.7,0.9,3.1,0.5,3.2,5.75
SD,2025,2,2600.0,220000.0,6000.0,3.0,11000.0,5.0,,0.0,0.0,1.4,,15.0,2.727272727272727
TN,2015,1,1000.0,9500.0,2000.0,21.0,190.0,2.0,0.0,13.0,0.0,17.1,4.4,22.2,21.05263157894737
TN,2015,2,3600.0,7500.0,730.0,10.0,920.0,12.0,1.8,2.6,9.8,26.3,3.0,47.8,9.733333333333333
TN,2015,3,500.0,10000.0,1200.0,12.0,350.0,4.0,0.5,2.2,4.8,38.4,1.0,50.8,12.0
TN,2015,4,70.0,10000.0,1100.0,11.0,420.0,4.0,0.0,7.1,4.6,28.3,3.6,43.6,11.0
TN,2016,1,180.0,9000.0,1700.0,19.0,70.0,1.0,0.2,10.1,3.7,7.1,10.9,19.7,18.88888888888889
TN,2016,2,3900.0,8000.0,580.0,7.0,200.0,3.0,0.1,9.1,0.4,22.7,2.6,40.9,7.25
TN,2016,3,340.0,10000.0,950.0,10.0,290.0,3.0,1.3,6.2,2.4,23.1,2.0,22.5,9.5
TN,2016,4,120.0,9000.0,840.0,9.0,10.0,0.0,0.0,2.2,1.1,21.6,3.1,19.9,9.333333333333334
TN,2017,1,1500.0,8500.0,1600.0,19.0,160.0,2.0,0.9,8.1,2.4,12.6,7.0,28.6,18.823529411764707
TN,2017,2,2600.0,9000.0,1300.0,14.0,1500.0,17.0,1.0,10.6,3.1,25.5,3.9,53.4,14.444444444444445
TN,2017,3,800.0,10000.0,1700.0,17.0,960.0,10.0,2.1,5.3,6.0,22.1,6.9,42.8,17.0
TN,2017,4,230.0,10500.0,1300.0,12.0,320.0,3.0,0.2,7.5,2.0,18.9,15.3,22.8,12.38095238095238
TN,2018,1,540.0,10000.0,3400.0,34.0,470.0,5.0,2.3,13.2,3.0,20.4,19.7,29.2,34.0
TN,2018,2,3800.0,8000.0,1200.0,15.0,1300.0,16.0,3.0,6.2,3.4,22.9,2.5,30.0,15.0
TN,2018,3,540.0,9000.0,900.0,10.0,1000.0,11.0,0.7,5.6,13.2,53.2,2.1,70.6,10.0
TN,2018,4,30.0,8500.0,1900.0,22.0,370.0,4.0,1.9,9.1,11.4,20.8,5.1,49.8,22.352941176470587
TN,2019,1,240.0,7000.0,1500.0,21.0,320.0,5.0,5.1,7.7,0.9,23.6,7.1,62.8,21.428571428571427
TN,2019,3,2200.0,14000.0,4500.0,32.0,2200.0,16.0,0.2,11.5,9.1,23.3,1.5,51.4,32.142857142857146
TN,2019,4,20.0,11000.0,1300.0,12.0,70.0,1.0,0.0,7.6,33.6,53.5,9.1,66.6,11.818181818181818
TN,2020,1,2200.0,14000.0,2700.0,19.0,130.0,1.0,1.0,4.1,0.0,17.3,7.8,18.9,19.285714285714285
TN,2020,2,4200.0,13500.0,1200.0,9.0,3200.0,24.0,,3.3,6.8,7.8,3.0,31.2,8.88888888888889
TN,2020,3,460.0,15000.0,2200.0,15.0,860.0,6.0,2.3,2.4,0.5,15.5,2.2,37.7,14.666666666666666
TN,2020,4,20.0,13500.0,680.0,5.0,640.0,5.0,,2.1,5.1,25.4,5.2,33.8,5.037037037037037
TN,2021,1,460.0,13500.0,2200.0,16.0,310.0,2.0,1.4,2.6,0.8,5.2,8.9,34.4,16.296296296296298
TN,2021,2,4800.0,12000.0,720.0,6.0,3400.0,28.0,,3.1,2.4,10.3,,22.4,6.0
TN,2021,3,850.0,15500.0,1100.0,7.0,740.0,5.0,,1.8,0.7,11.6,,16.0,7.096774193548387
TN,2021,4,20.0,15500.0,1400.0,9.0,1200.0,8.0,0.5,2.5,1.4,5.1,1.0,33.5,9.03225806451613
TN,2022,1,1300.0,10500.0,2300.0,22.0,200.0,2.0,1.0,3.3,,5.1,3.0,12.9,21.904761904761905
TN,2022,2,9000.0,11500.0,4400.0,38.0,1200.0,10.0,1.0,24.4,,23.7,1.7,30.9,38.26086956521739
TN,2022,3,1300.0,10500.0,1600.0,15.0,400.0,4.0,10.3,11.3,8.5,20.5,10.8,27.3,15.238095238095235
TN,2022,4,1700.0,10500.0,1400.0,13.0,620.0,6.0,2.5,1.0,0.7,7.6,3.1,24.4,13.333333333333334
TN,2023,1,2100.0,12000.0,1800.0,15.0,40.0,,0.9,7.0,1.0,5.5,4.9,39.8,15.0
TN,2023,2,3900.0,13500.0,920.0,7.0,2500.0,19.0,0.0,2.8,,1.6,1.8,13.3,6.814814814814815
TN,2023,3,900.0,14500.0,1900.0,13.0,1100.0,8.0,,1.6,1.7,3.0,2.8,15.1,13.10344827586207
TN,2023,4,900.0,12500.0,1900.0,15.0,250.0,2.0,,1.1,2.1,5.0,1.8,10.1,15.2
TN,2024,1,1300.0,11500.0,1700.0,15.0,170.0,1.0,,2.1,0.7,5.4,10.4,13.6,14.782608695652174
TN,2024,2,1900.0,12000.0,760.0,6.0,640.0,5.0,0.0,4.9,0.7,5.1,2.8,52.0,6.333333333333333
TX,2015,1,82000.0,250000.0,26000.0,10.0,51000.0,20.0,5.0,2.3,11.1,12.2,6.2,21.5,10.4
TX,2015,2,76000.0,315000.0,33000.0,11.0,94000.0,30.0,2.5,7.4,6.6,22.9,3.0,19.3,10.476190476190476
TX,2015,3,5500.0,136000.0,16500.0,12.0,4800.0,4.0,1.3,4.7,19.4,26.0,5.2,30.7,12.132352941176473
TX,2015,4,13000.0,250000.0,25000.0,10.0,2000.0,1.0,2.7,2.2,5.4,8.7,8.0,20.9,10.0
TX,2016,1,126000.0,320000.0,30000.0,9.0,49000.0,15.0,2.3,3.7,9.4,9.8,2.5,19.4,9.375
TX,2016,2,74000.0,350000.0,36000.0,10.0,54000.0,15.0,7.5,7.4,2.4,9.0,3.7,26.1,10.285714285714286
TX,2016,3,12500.0,143000.0,12000.0,8.0,810.0,1.0,1.7,3.7,31.4,11.4,4.1,47.2,8.391608391608392
TX,2016,4,2200.0,310000.0,39000.0,13.0,650.0,0.0,3.2,2.8,3.6,17.5,1.4,33.1,12.580645161290322
TX,2017,1,130000.0,340000.0,49000.0,14.0,68000.0,20.0,2.0,3.5,5.1,22.5,3.6,36.2,14.411764705882351
TX,2017,2,43000.0,350000.0,28000.0,8.0,148000.0,42.0,1.5,2.8,12.4,16.8,1.4,28.7,8.0
TX,2017,3,21000.0,115000.0,15000.0,13.0,7500.0,7.0,0.1,18.3,24.0,23.0,1.5,33.7,13.043478260869565
TX,2017,4,3200.0,285000.0,20000.0,7.0,1900.0,1.0,7.1,3.8,2.9,21.4,5.2,33.9,7.017543859649122
TX,2018,1,124000.0,290000.0,32000.0,11.0,42000.0,14.0,4.8,1.7,0.2,10.1,10.3,21.5,11.03448275862069
TX,2018,2,79000.0,315000.0,38000.0,12.0,71000.0,23.0,8.1,8.5,4.5,17.7,14.6,26.5,12.063492063492063
TX,2018,3,7500.0,124000.0,7500.0,6.0,9500.0,8.0,0.4,2.8,6.2,4.4,0.9,18.8,6.048387096774194
TX,2018,4,11000.0,260000.0,17000.0,7.0,70.0,,5.5,6.2,3.0,18.5,3.7,18.6,6.538461538461538
TX,2019,1,61000.0,330000.0,17000.0,5.0,35000.0,11.0,5.3,6.9,8.3,6.5,3.0,26.1,5.151515151515151
TX,2019,3,6500.0,133000.0,11000.0,8.0,7000.0,5.0,4.4,7.2,11.5,18.3,2.1,21.9,8.270676691729323
TX,2019,4,8000.0,240000.0,17500.0,7.0,1700.0,1.0,4.6,5.8,4.9,14.0,1.4,23.1,7.291666666666667
TX,2020,1,83000.0,340000.0,35000.0,10.0,24000.0,7.0,1.3,5.2,3.4,6.8,4.6,12.2,10.294117647058824
TX,2020,2,15000.0,385000.0,35000.0,9.0,136000.0,35.0,3.3,5.7,4.6,7.7,5.8,30.2,9.090909090909092
TX,2020,3,9000.0,173000.0,9500.0,5.0,7500.0,4.0,2.0,1.6,6.7,13.6,0.6,20.2,5.491329479768786
TX,2020,4,27000.0,255000.0,43000.0,17.0,1700.0,1.0,,5.7,5.0,6.5,9.6,27.4,16.862745098039216
TX,2021,1,61000.0,355000.0,30000.0,8.0,13500.0,4.0,1.5,7.4,5.8,13.0,,17.7,8.450704225352112
TX,2021,2,67000.0,425000.0,74000.0,17.0,72000.0,17.0,0.0,5.7,11.5,3.4,,38.1,17.41176470588235
TX,2021,3,3100.0,144000.0,4000.0,3.0,6000.0,4.0,0.5,4.4,4.4,6.0,0.5,20.2,2.7777777777777777
TX,2021,4,2100.0,290000.0,23000.0,8.0,1700.0,1.0,1.2,4.1,9.8,8.3,5.5,19.4,7.931034482758621
TX,2022,1,80000.0,400000.0,37000.0,9.0,34000.0,9.0,0.6,6.0,3.6,2.1,1.5,21.2,9.25
TX,2022,2,42000.0,415000.0,46000.0,11.0,113000.0,27.0,,5.1,0.6,28.6,0.9,37.2,11.08433734939759
TX,2022,3,11500.0,205000.0,8500.0,4.0,4400.0,2.0,,5.5,5.9,11.6,1.6,12.4,4.146341463414634
TX,2022,4,720.0,260000.0,7500.0,3.0,2200.0,1.0,4.3,3.8,4.3,12.8,3.0,14.0,2.8846153846153846
TX,2023,1,62000.0,300000.0,20000.0,7.0,8500.0,3.0,,9.7,7.6,6.7,1.1,11.3,6.666666666666667
TX,2023,2,85000.0,360000.0,16500.0,5.0,119000.0,33.0,11.2,30.9,12.5,43.6,10.5,48.1,4.583333333333333
TX,2023,3,2800.0,205000.0,7500.0,4.0,1100.0,1.0,0.0,3.9,1.0,0.7,0.7,4.5,3.658536585365854
TX,2023,4,400.0,220000.0,9500.0,4.0,480.0,,0.0,16.2,23.2,12.3,9.5,36.1,4.318181818181818
TX,2024,1,67000.0,290000.0,28000.0,10.0,46000.0,16.0,0.9,1.8,4.5,5.6,2.7,22.2,9.655172413793103
TX,2024,2,43000.0,300000.0,38000.0,13.0,74000.0,25.0,,5.6,0.5,40.9,0.6,43.9,12.666666666666666
TX,2024,3,1200.0,107000.0,7000.0,7.0,1300.0,1.0,0.7,16.1,1.3,3.5,3.0,14.6,6.542056074766355
TX,2024,4,1900.0,190000.0,17000.0,9.0,390.0,0.0,5.9,8.0,8.4,11.1,4.7,27.8,8.947368421052632
TX,2025,1,65000.0,356000.0,19000.0,5.0,22000.0,6.0,5.6,7.3,13.9,18.5,7.2,36.7,5.337078651685394
TX,2025,2,68000.0,380000.0,23000.0,6.0,73000.0,19.0,7.0,2.0,6.8,8.0,4.8,17.0,6.052631578947368
UT,2015,1,2500.0,24000.0,3300.0,14.0,290.0,1.0,0.1,3.0,4.4,0.9,0.5,13.6,13.75
UT,2015,2,10000.0,27000.0,3400.0,13.0,3900.0,14.0,1.5,5.6,12.3,10.8,1.2,27.2,12.592592592592592
UT,2015,3,1400.0,36000.0,8000.0,22.0,2200.0,6.0,41.6,3.6,33.6,25.0,0.1,40.1,22.22222222222222
UT,2015,4,120.0,28000.0,1900.0,7.0,100.0,0.0,6.4,4.4,0.2,9.1,0.4,75.8,6.785714285714286
UT,2016,1,1400.0,14500.0,1900.0,13.0,50.0,0.0,0.1,1.6,0.4,7.0,0.5,26.2,13.10344827586207
UT,2016,2,12000.0,25000.0,4800.0,19.0,7000.0,28.0,1.8,3.4,7.3,0.1,0.8,23.0,19.2
UT,2016,3,1200.0,33000.0,3200.0,10.0,120.0,0.0,0.6,2.5,21.8,20.2,1.7,32.1,9.696969696969695
UT,2016,4,440.0,30000.0,1600.0,5.0,50.0,0.0,0.2,0.7,0.9,0.1,0.3,26.4,5.333333333333333
UT,2017,1,3900.0,19000.0,2700.0,14.0,60.0,,0.1,2.0,0.0,0.0,0.3,38.7,14.210526315789474
UT,2017,2,12500.0,31000.0,2700.0,9.0,10000.0,32.0,0.3,12.6,0.1,1.3,0.0,36.7,8.709677419354838
UT,2017,3,5500.0,35000.0,6500.0,19.0,3200.0,9.0,0.5,15.9,16.7,0.1,9.1,40.5,18.571428571428573
UT,2017,4,480.0,29000.0,2000.0,7.0,70.0,,11.0,9.4,9.2,8.9,19.8,24.3,6.896551724137931
UT,2018,1,490.0,17000.0,620.0,4.0,50.0,,0.1,0.1,0.0,0.0,0.5,18.7,3.647058823529412
UT,2018,2,9500.0,26000.0,1900.0,7.0,4100.0,16.0,2.0,1.4,1.7,3.7,1.9,43.5,7.3076923076923075
UT,2018,3,970.0,30000.0,4400.0,15.0,1400.0,5.0,0.1,1.0,0.2,15.5,0.7,34.0,14.666666666666666
UT,2018,4,180.0,27000.0,3400.0,13.0,400.0,1.0,5.5,6.5,8.0,9.8,4.9,48.0,12.592592592592592
UT,2019,1,900.0,11000.0,1800.0,16.0,0.0,0.0,0.1,0.3,0.0,0.0,8.8,22.9,16.363636363636363
UT,2019,3,3500.0,29000.0,2800.0,10.0,1700.0,6.0,5.5,0.6,0.2,4.9,4.6,29.4,9.655172413793103
UT,2019,4,970.0,32000.0,4400.0,14.0,90.0,,2.0,0.2,10.3,2.0,0.3,22.1,13.75
UT,2020,1,3000.0,19000.0,1100.0,6.0,,0.0,17.1,15.7,2.3,17.2,22.4,38.9,5.7894736842105265
UT,2020,2,8500.0,31000.0,2800.0,9.0,13000.0,42.0,,,13.1,0.0,7.7,38.4,9.03225806451613
UT,2020,3,1500.0,30000.0,2000.0,7.0,2300.0,8.0,,3.7,31.6,,3.9,61.7,6.666666666666667
UT,2020,4,1800.0,29000.0,3800.0,13.0,50.0,,,0.7,6.8,,17.6,49.5,13.10344827586207
UT,2021,1,2700.0,19500.0,2600.0,13.0,0.0,0.0,0.0,1.0,2.4,0.9,6.3,45.4,13.333333333333334
UT,2021,2,9500.0,31000.0,3800.0,12.0,3700.0,12.0,10.3,,18.7,25.7,1.4,40.0,12.258064516129032
UT,2021,3,2200.0,37000.0,2900.0,8.0,1900.0,5.0,,1.9,3.9,,0.5,40.0,7.837837837837838
UT,2021,4,1500.0,37000.0,3200.0,9.0,1400.0,4.0,0.7,2.0,0.7,0.7,4.7,4.8,8.64864864864865
UT,2022,1,4600.0,32000.0,4100.0,13.0,740.0,2.0,3.0,,0.0,1.5,0.5,22.2,12.8125
UT,2022,2,8500.0,29000.0,4600.0,16.0,5000.0,17.0,6.9,23.8,7.9,0.8,8.3,40.1,15.862068965517242
UT,2022,3,2600.0,32000.0,4200.0,13.0,2600.0,8.0,3.4,2.6,17.6,18.5,4.0,26.7,13.125
UT,2022,4,990.0,26000.0,1800.0,7.0,250.0,1.0,2.1,,,3.2,,9.2,6.923076923076923
UT,2023,1,900.0,24000.0,2600.0,11.0,360.0,2.0,19.0,2.8,19.0,19.4,2.0,32.4,10.833333333333334
UT,2023,2,9500.0,18500.0,3700.0,20.0,2500.0,14.0,25.5,28.6,28.0,33.6,,55.0,20.0
UT,2023,3,5500.0,22000.0,2300.0,10.0,1500.0,7.0,25.1,1.0,29.5,26.5,1.2,67.5,10.454545454545457
UT,2023,4,390.0,23000.0,2700.0,12.0,20.0,,15.6,15.7,5.2,15.0,2.4,43.3,11.73913043478261
UT,2024,1,460.0,17500.0,980.0,6.0,120.0,1.0,6.6,,0.7,5.3,4.5,13.2,5.6
UT,2024,2,4400.0,20000.0,1500.0,8.0,2000.0,10.0,2.4,0.7,1.2,,8.8,9.6,7.5
VA,2015,1,800.0,9000.0,2500.0,28.0,460.0,5.0,2.3,9.8,0.0,9.4,11.9,19.0,27.77777777777778
VA,2015,2,2100.0,7500.0,270.0,4.0,430.0,6.0,1.8,3.0,0.2,13.0,4.5,26.2,3.6
VA,2015,3,520.0,8000.0,680.0,9.0,220.0,3.0,1.3,3.5,3.7,14.2,8.9,29.0,8.5
VA,2015,4,0.0,7500.0,750.0,10.0,350.0,5.0,0.4,5.8,0.0,17.2,10.4,26.3,10.0
VA,2016,1,560.0,6500.0,1100.0,17.0,70.0,1.0,0.0,5.0,0.4,7.3,3.8,32.7,16.923076923076923
VA,2016,2,2200.0,6500.0,230.0,4.0,480.0,7.0,6.8,7.3,6.0,4.2,2.9,23.1,3.5384615384615383
VA,2016,3,460.0,8000.0,810.0,10.0,360.0,5.0,1.1,5.3,2.3,24.1,3.6,39.1,10.125
VA,2016,4,230.0,7000.0,730.0,10.0,10.0,0.0,2.0,1.8,0.0,19.9,5.1,31.4,10.428571428571429
VA,2017,1,1900.0,8000.0,1400.0,18.0,280.0,4.0,2.8,7.4,3.2,12.8,8.4,21.4,17.5
VA,2017,2,3100.0,9500.0,1000.0,11.0,1100.0,12.0,0.9,1.8,5.0,18.0,4.8,18.7,10.526315789473683
VA,2017,3,430.0,11500.0,1200.0,10.0,430.0,4.0,1.5,4.4,0.5,26.5,1.6,50.3,10.434782608695652
VA,2017,4,300.0,9500.0,1100.0,12.0,210.0,2.0,1.3,6.9,7.5,20.6,3.9,20.9,11.578947368421051
VA,2018,1,540.0,7000.0,2100.0,30.0,160.0,2.0,0.3,7.7,3.9,11.3,16.3,26.0,30.0
VA,2018,2,2600.0,6000.0,500.0,8.0,700.0,12.0,3.2,23.1,1.3,18.8,1.5,22.7,8.333333333333334
VA,2018,3,1000.0,7500.0,610.0,8.0,990.0,13.0,2.6,11.6,7.7,28.5,1.7,39.0,8.133333333333333
VA,2018,4,80.0,7000.0,1100.0,16.0,1300.0,19.0,12.1,5.8,13.1,38.4,2.8,57.1,15.714285714285714
VA,2019,1,80.0,5500.0,1100.0,20.0,110.0,2.0,0.8,3.9,0.3,12.8,9.3,16.6,20.0
VA,2019,3,350.0,9000.0,570.0,6.0,820.0,9.0,0.9,2.7,1.3,18.3,3.1,37.9,6.333333333333333
VA,2019,4,10.0,8000.0,1200.0,15.0,190.0,2.0,0.4,5.3,0.0,18.6,6.0,37.7,15.0
VA,2020,1,1600.0,7000.0,1100.0,16.0,60.0,1.0,,3.8,,10.6,3.5,17.5,15.714285714285714
VA,2020,2,4800.0,8000.0,1200.0,15.0,1300.0,16.0,,7.9,,7.9,1.1,33.7,15.0
VA,2020,3,910.0,8500.0,1200.0,14.0,730.0,9.0,,4.1,,8.3,5.8,27.5,14.117647058823527
VA,2020,4,70.0,8500.0,1000.0,12.0,450.0,5.0,1.6,5.4,2.0,13.6,2.9,30.3,11.764705882352942
VA,2021,1,1800.0,7500.0,1400.0,19.0,50.0,1.0,0.0,3.9,1.9,1.0,4.9,11.9,18.666666666666668
VA,2021,2,3100.0,8500.0,530.0,6.0,820.0,10.0,3.6,2.7,2.1,6.3,3.7,13.3,6.235294117647059
VA,2021,3,530.0,10500.0,890.0,8.0,750.0,7.0,0.9,4.6,0.8,12.1,1.9,19.2,8.476190476190476
VA,2021,4,160.0,8500.0,930.0,11.0,210.0,2.0,0.8,5.2,0.5,19.1,3.2,31.8,10.941176470588236
VA,2022,1,1100.0,9500.0,1700.0,18.0,200.0,2.0,2.5,12.0,,13.9,7.8,25.7,17.894736842105264
VA,2022,2,2900.0,10500.0,580.0,6.0,680.0,6.0,0.9,18.1,0.6,21.7,1.7,30.8,5.523809523809524
VA,2022,3,850.0,12000.0,1000.0,8.0,1100.0,9.0,0.6,1.6,2.3,13.9,7.2,34.5,8.333333333333334
VA,2022,4,300.0,10500.0,1300.0,12.0,750.0,7.0,,6.4,0.0,20.9,3.9,43.3,12.38095238095238
VA,2023,1,470.0,10500.0,1200.0,11.0,150.0,1.0,,4.2,,10.5,4.8,22.6,11.428571428571429
VA,2023,2,4000.0,10500.0,670.0,6.0,1300.0,12.0,0.8,6.6,0.0,7.5,3.0,23.3,6.380952380952381
VA,2023,3,880.0,11500.0,1000.0,9.0,690.0,6.0,,2.9,,14.1,2.0,33.5,8.695652173913043
VA,2023,4,170.0,10500.0,2100.0,20.0,450.0,4.0,2.8,4.9,,21.6,3.8,42.5,20.0
VA,2024,1,640.0,10500.0,1200.0,11.0,200.0,2.0,1.4,4.4,1.1,7.5,3.1,21.0,11.428571428571429
VA,2024,2,3000.0,11000.0,450.0,4.0,2100.0,19.0,5.8,6.7,,7.4,0.9,20.5,4.090909090909091
VT,2015,1,1200.0,5500.0,700.0,13.0,20.0,0.0,0.0,5.8,0.0,5.6,4.9,2.3,12.727272727272728
VT,2015,2,580.0,6000.0,100.0,2.0,50.0,1.0,0.1,1.3,0.0,1.9,0.1,3.7,1.6666666666666667
VT,2015,3,30.0,6500.0,40.0,1.0,20.0,0.0,0.0,0.4,0.0,0.5,0.0,22.7,0.6153846153846154
VT,2015,4,10.0,6500.0,940.0,15.0,10.0,0.0,0.9,0.4,0.6,16.8,15.6,57.1,14.461538461538462
VT,2016,1,0.0,5500.0,410.0,7.0,0.0,0.0,0.3,0.5,0.0,0.0,1.7,1.3,7.454545454545454
VT,2016,2,480.0,6500.0,20.0,0.0,30.0,1.0,0.1,0.3,0.0,0.1,0.1,2.6,0.3076923076923077
VT,2016,3,170.0,6500.0,400.0,6.0,50.0,1.0,1.7,2.4,0.0,8.0,0.8,5.6,6.153846153846154
VT,2016,4,20.0,6500.0,260.0,4.0,10.0,0.0,41.2,0.4,41.0,41.3,0.0,44.5,4.0
VT,2017,1,0.0,6500.0,440.0,7.0,0.0,0.0,2.1,0.9,0.2,0.7,2.2,6.0,6.769230769230769
VT,2017,2,390.0,8000.0,170.0,2.0,190.0,2.0,0.3,0.2,0.0,0.3,0.5,3.3,2.125
VT,2017,3,520.0,7500.0,180.0,2.0,270.0,4.0,4.7,7.0,,9.0,0.7,16.8,2.4
VT,2017,4,10.0,6500.0,470.0,7.0,10.0,,22.1,5.7,55.2,44.5,1.8,96.6,7.230769230769231
VT,2018,1,20.0,5500.0,810.0,15.0,0.0,0.0,0.3,2.0,0.6,1.2,0.8,17.0,14.727272727272728
VT,2018,2,2600.0,6500.0,520.0,8.0,140.0,2.0,0.7,1.8,16.7,1.5,0.1,21.8,8.0
VT,2018,3,1200.0,7000.0,90.0,1.0,80.0,1.0,4.3,0.3,24.1,4.9,0.0,29.3,1.2857142857142858
VT,2018,4,10.0,6500.0,170.0,3.0,20.0,,0.0,0.8,0.0,1.3,0.7,6.2,2.6153846153846154
VT,2019,1,50.0,6500.0,260.0,4.0,,,2.4,0.2,0.0,0.1,1.2,6.2,4.0
VT,2019,3,80.0,7000.0,120.0,2.0,490.0,7.0,0.7,0.5,0.0,4.3,0.1,22.2,1.7142857142857142
VT,2019,4,100.0,7000.0,190.0,3.0,270.0,4.0,0.6,0.6,0.8,1.3,0.9,21.0,2.7142857142857144
VT,2020,1,500.0,7000.0,520.0,7.0,70.0,1.0,0.6,2.0,0.9,0.8,3.1,9.1,7.428571428571429
VT,2020,2,680.0,7000.0,200.0,3.0,110.0,2.0,0.1,1.1,0.0,0.5,0.0,10.7,2.857142857142857
VT,2020,3,700.0,7500.0,210.0,3.0,180.0,2.0,0.9,0.9,3.8,0.7,,26.6,2.8
VT,2020,4,30.0,8000.0,270.0,3.0,,0.0,0.5,0.6,0.0,,,10.0,3.375
VT,2021,1,700.0,7500.0,1300.0,17.0,70.0,1.0,3.7,10.1,0.0,,,21.1,17.333333333333332
VT,2021,2,770.0,7000.0,40.0,1.0,570.0,8.0,0.5,1.5,0.0,0.8,0.0,28.1,0.5714285714285714
VT,2021,3,310.0,7000.0,10.0,,100.0,1.0,1.5,1.6,0.0,3.0,0.6,25.4,0.1428571428571428
VT,2021,4,0.0,7000.0,40.0,1.0,50.0,1.0,,,0.0,0.6,0.8,16.1,0.5714285714285714
VT,2022,1,250.0,7500.0,380.0,5.0,0.0,0.0,1.3,2.7,4.0,1.9,0.5,15.2,5.066666666666666
VT,2022,2,3300.0,8500.0,150.0,2.0,160.0,2.0,0.0,1.3,0.7,1.5,,21.2,1.7647058823529411
VT,2022,3,910.0,10000.0,240.0,2.0,1800.0,18.0,0.7,2.1,0.0,1.0,0.6,32.4,2.4
VT,2022,4,400.0,10000.0,370.0,4.0,,0.0,1.1,0.0,0.6,3.2,0.0,12.0,3.7
VT,2023,1,30.0,10000.0,400.0,4.0,40.0,,,0.0,,,1.6,3.1,4.0
VT,2023,2,990.0,9500.0,160.0,2.0,210.0,2.0,0.0,,0.8,0.5,1.2,9.7,1.6842105263157894
VT,2023,3,680.0,10000.0,170.0,2.0,80.0,1.0,,2.0,0.0,15.1,0.9,25.9,1.7
VT,2023,4,500.0,6500.0,90.0,1.0,,0.0,0.6,,0.8,4.7,1.4,11.5,1.3846153846153846
VT,2024,1,730.0,7500.0,230.0,3.0,20.0,0.0,,4.0,0.8,1.2,1.7,6.8,3.066666666666667
VT,2024,2,270.0,10500.0,130.0,1.0,320.0,3.0,1.1,0.5,0.0,1.1,,5.6,1.238095238095238
WA,2015,1,13500.0,105000.0,14000.0,13.0,9000.0,9.0,0.3,6.0,3.6,0.5,1.1,21.5,13.333333333333334
WA,2015,2,15000.0,127000.0,5000.0,4.0,13000.0,10.0,2.2,3.2,2.0,0.2,0.5,48.7,3.937007874015748
WA,2015,3,1800.0,97000.0,11500.0,12.0,20000.0,21.0,2.3,3.8,1.4,3.7,0.3,45.6,11.855670103092784
WA,2015,4,330.0,89000.0,6500.0,7.0,170.0,0.0,0.1,3.0,0.3,0.1,1.5,6.9,7.303370786516854
WA,2016,1,5500.0,146000.0,13500.0,9.0,1200.0,1.0,1.3,1.9,1.7,10.5,5.1,23.3,9.246575342465754
WA,2016,2,21000.0,143000.0,6000.0,4.0,11500.0,8.0,3.3,11.1,3.1,11.4,0.6,40.9,4.195804195804196
WA,2016,3,7500.0,74000.0,5000.0,7.0,2000.0,3.0,0.9,4.3,19.1,1.4,0.1,65.2,6.756756756756757
WA,2016,4,3100.0,97000.0,9000.0,9.0,130.0,0.0,3.7,4.5,9.1,4.6,0.3,21.4,9.278350515463918
WA,2017,1,8500.0,104000.0,9000.0,9.0,0.0,0.0,0.0,8.0,0.0,0.1,4.4,6.8,8.653846153846153
WA,2017,2,30000.0,111000.0,7000.0,6.0,20000.0,18.0,4.2,3.6,7.5,5.0,0.4,21.3,6.306306306306307
WA,2017,3,5500.0,92000.0,17000.0,18.0,10500.0,11.0,2.0,0.7,1.2,2.7,2.4,23.7,18.47826086956522
WA,2017,4,2900.0,72000.0,4000.0,6.0,14000.0,19.0,,0.4,0.3,6.0,0.2,21.7,5.555555555555555
WA,2018,1,7000.0,90000.0,4600.0,5.0,870.0,1.0,1.0,0.4,1.9,0.9,0.4,8.5,5.111111111111111
WA,2018,2,15500.0,122000.0,7500.0,6.0,19000.0,16.0,7.6,7.1,7.6,9.4,0.6,55.9,6.147540983606557
WA,2018,3,7000.0,84000.0,12000.0,14.0,3600.0,4.0,0.6,9.9,2.7,0.6,2.8,7.1,14.285714285714286
WA,2018,4,5500.0,81000.0,11000.0,14.0,1400.0,2.0,11.7,3.3,4.9,0.5,1.3,34.5,13.580246913580249
WA,2019,1,5500.0,75000.0,7000.0,9.0,2200.0,3.0,0.6,0.8,0.3,0.8,0.2,22.3,9.333333333333334
WA,2019,3,12000.0,97000.0,21000.0,22.0,10000.0,10.0,2.5,9.4,4.6,0.9,0.3,47.3,21.649484536082475
WA,2019,4,810.0,93000.0,12500.0,13.0,100.0,,0.6,2.9,19.6,2.3,3.2,40.3,13.440860215053764
WA,2020,1,580.0,74000.0,1500.0,2.0,150.0,,,,0.5,,,1.7,2.027027027027027
WA,2020,2,5000.0,114000.0,3500.0,3.0,3300.0,3.0,0.7,1.3,1.0,,,10.6,3.070175438596491
WA,2020,3,5000.0,104000.0,7000.0,7.0,8500.0,8.0,,1.3,10.5,,0.6,19.2,6.730769230769231
WA,2020,4,6000.0,103000.0,16500.0,16.0,2000.0,2.0,22.9,4.7,2.6,20.2,4.4,25.5,16.019417475728154
WA,2021,1,9500.0,70000.0,5500.0,8.0,850.0,1.0,1.0,4.5,,2.3,,14.8,7.857142857142857
WA,2021,2,9500.0,122000.0,2900.0,2.0,2600.0,2.0,8.4,4.7,1.2,19.1,,31.7,2.377049180327869
WA,2021,3,4300.0,79000.0,4900.0,6.0,15500.0,20.0,4.9,12.7,2.3,2.2,1.6,34.3,6.2025316455696204
WA,2021,4,1400.0,83000.0,6500.0,8.0,2300.0,3.0,2.0,7.6,2.5,2.7,0.8,42.3,7.831325301204819
WA,2022,1,1400.0,102000.0,7500.0,7.0,6000.0,6.0,3.6,2.6,0.0,4.0,,8.3,7.352941176470588
WA,2022,2,12500.0,109000.0,14000.0,13.0,23000.0,21.0,4.3,14.2,3.4,7.3,1.6,50.8,12.844036697247706
WA,2022,3,2800.0,84000.0,3000.0,4.0,1100.0,1.0,,,0.0,,0.7,11.1,3.5714285714285716
WA,2022,4,540.0,89000.0,7500.0,8.0,220.0,,0.0,4.2,,6.4,8.2,34.0,8.426966292134832
WA,2023,1,270.0,99000.0,13500.0,14.0,250.0,,2.3,6.4,2.5,2.4,4.5,12.1,13.636363636363637
WA,2023,2,18500.0,123000.0,4400.0,4.0,15500.0,13.0,6.1,4.3,9.2,1.0,,41.6,3.5772357723577235
WA,2023,3,1900.0,82000.0,2400.0,3.0,3300.0,4.0,1.4,,4.7,1.9,0.9,12.0,2.926829268292683
WA,2023,4,40.0,92000.0,19000.0,21.0,1700.0,2.0,6.9,8.9,0.9,1.2,24.2,46.5,20.652173913043477
WA,2024,1,1100.0,114000.0,6500.0,6.0,570.0,1.0,0.0,2.8,0.0,0.0,8.8,18.4,5.701754385964913
WA,2024,2,20000.0,128000.0,6000.0,5.0,2400.0,2.0,2.3,19.1,9.8,11.7,11.6,54.0,4.6875
WA,2024,3,600.0,92000.0,5000.0,5.0,2700.0,3.0,,1.4,,,,21.1,5.434782608695652
WA,2024,4,3600.0,106000.0,14000.0,13.0,9000.0,8.0,4.5,0.7,3.8,14.3,11.8,34.5,13.20754716981132
WA,2025,1,10500.0,100000.0,2500.0,3.0,1600.0,2.0,1.9,6.2,0.5,0.6,0.7,24.0,2.5
WA,2025,2,15000.0,113000.0,7500.0,7.0,19500.0,17.0,4.7,6.4,4.5,6.5,,24.4,6.6371681415929205
WI,2015,1,3100.0,29000.0,8000.0,28.0,2500.0,9.0,2.7,8.3,8.5,1.6,5.8,18.8,27.58620689655172
WI,2015,2,10000.0,65000.0,4600.0,7.0,5500.0,9.0,1.0,15.2,8.2,5.6,2.3,35.3,7.076923076923077
WI,2015,3,1300.0,62000.0,9000.0,15.0,4300.0,7.0,8.3,12.6,20.9,20.1,13.5,47.3,14.516129032258064
WI,2015,4,210.0,48000.0,6500.0,14.0,10.0,0.0,2.5,6.6,21.9,15.6,21.4,49.4,13.541666666666666
WI,2016,1,530.0,21000.0,3100.0,15.0,0.0,0.0,1.1,10.8,13.4,1.6,10.4,24.2,14.761904761904765
WI,2016,2,17500.0,78000.0,5500.0,7.0,3600.0,5.0,12.8,14.9,12.6,3.7,10.5,23.4,7.051282051282051
WI,2016,3,880.0,75000.0,12000.0,16.0,640.0,1.0,10.8,5.1,15.8,13.6,11.1,31.5,16.0
WI,2016,4,10.0,59000.0,7500.0,13.0,20.0,0.0,10.0,10.6,10.6,12.2,46.2,69.3,12.71186440677966
WI,2017,1,450.0,22000.0,4400.0,20.0,70.0,,1.1,4.0,2.0,1.9,10.5,19.0,20.0
WI,2017,2,13000.0,65000.0,4000.0,6.0,6500.0,10.0,1.7,3.2,2.2,1.7,0.3,13.8,6.153846153846154
WI,2017,3,6000.0,75000.0,12500.0,17.0,9000.0,12.0,18.5,13.0,21.8,21.0,12.1,61.6,16.666666666666668
WI,2017,4,530.0,55000.0,8500.0,15.0,3000.0,5.0,33.1,15.3,22.8,36.9,15.2,53.1,15.454545454545457
WI,2018,1,2800.0,29000.0,4600.0,16.0,1600.0,6.0,1.2,3.6,1.5,3.7,3.7,14.1,15.862068965517242
WI,2018,2,12000.0,56000.0,6500.0,12.0,7000.0,13.0,18.3,29.5,27.1,16.9,0.8,32.1,11.607142857142858
WI,2018,3,2400.0,69000.0,10000.0,14.0,3800.0,6.0,2.6,6.1,19.5,32.7,4.3,54.4,14.492753623188406
WI,2018,4,1600.0,48000.0,8500.0,18.0,530.0,1.0,1.5,7.6,24.5,28.3,5.2,29.9,17.708333333333332
WI,2019,1,580.0,17000.0,3700.0,22.0,100.0,1.0,0.7,13.8,1.1,3.2,5.0,15.9,21.764705882352946
WI,2019,3,2400.0,63000.0,6500.0,10.0,10000.0,16.0,13.9,6.5,18.1,20.5,3.9,46.4,10.317460317460318
WI,2019,4,1800.0,46000.0,8500.0,18.0,3000.0,7.0,14.8,22.0,14.1,22.1,7.3,40.0,18.47826086956522
WI,2020,1,700.0,28000.0,1900.0,7.0,370.0,1.0,,2.7,,1.9,3.1,9.0,6.785714285714286
WI,2020,2,14000.0,55000.0,1700.0,3.0,4600.0,8.0,25.0,25.8,25.1,27.3,26.1,46.1,3.090909090909091
WI,2020,3,970.0,68000.0,8000.0,12.0,9000.0,13.0,12.9,13.8,26.1,22.8,20.4,43.1,11.764705882352942
WI,2020,4,2800.0,60000.0,8000.0,13.0,4700.0,8.0,,1.8,7.4,0.6,1.2,29.3,13.333333333333334
WI,2021,1,230.0,44000.0,2500.0,6.0,170.0,,,3.6,0.0,,3.2,16.1,5.681818181818182
WI,2021,2,10000.0,57000.0,2100.0,4.0,7500.0,13.0,1.2,1.1,15.1,19.3,2.2,26.1,3.6842105263157894
WI,2021,3,1500.0,66000.0,7000.0,11.0,4300.0,7.0,20.3,15.3,31.2,36.8,8.0,56.0,10.606060606060606
WI,2021,4,1100.0,47000.0,5500.0,12.0,150.0,,0.5,2.5,0.7,,0.7,28.4,11.702127659574469
WI,2022,1,1400.0,53000.0,2800.0,5.0,240.0,,,2.0,6.5,,0.5,7.9,5.283018867924528
WI,2022,2,7000.0,62000.0,1600.0,3.0,1300.0,2.0,4.9,9.6,11.8,14.6,6.0,26.9,2.5806451612903225
WI,2022,3,4400.0,58000.0,14000.0,24.0,8000.0,14.0,7.2,5.0,6.7,7.9,6.9,20.4,24.13793103448276
WI,2022,4,140.0,47000.0,3500.0,7.0,380.0,1.0,19.4,9.9,17.5,21.4,11.7,23.2,7.446808510638298
WI,2023,1,1400.0,29000.0,3300.0,11.0,270.0,1.0,0.8,2.7,0.5,0.9,7.2,15.0,11.379310344827584
WI,2023,2,5500.0,54000.0,570.0,1.0,1300.0,2.0,47.8,50.2,49.2,9.8,46.8,57.2,1.0555555555555556
WI,2023,3,1500.0,59000.0,7000.0,12.0,3400.0,6.0,0.9,0.8,7.4,1.2,2.2,54.9,11.864406779661016
WI,2023,4,390.0,51000.0,6500.0,13.0,380.0,1.0,5.2,0.6,6.1,5.2,2.5,28.6,12.745098039215684
WI,2024,1,420.0,57000.0,1600.0,3.0,120.0,0.0,0.6,1.7,,1.7,2.7,11.3,2.807017543859649
WI,2024,2,16000.0,67000.0,3800.0,6.0,11000.0,16.0,11.1,5.2,3.9,11.3,16.5,30.0,5.6716417910447765
WI,2024,3,2100.0,80000.0,15500.0,19.0,5500.0,7.0,7.4,1.8,3.5,34.0,0.6,55.3,19.375
WI,2024,4,260.0,56000.0,8500.0,15.0,230.0,0.0,6.9,1.7,,0.7,4.9,24.4,15.178571428571429
WI,2025,1,8290.0,48000.0,3000.0,6.0,70.0,0.0,,2.4,0.0,0.5,3.8,17.5,6.25
WI,2025,2,10500.0,55000.0,2800.0,5.0,8500.0,15.0,,1.5,4.7,16.0,12.3,12.3,5.090909090909091
WV,2015,1,570.0,6000.0,1800.0,30.0,60.0,1.0,2.2,14.6,2.1,7.3,6.1,18.0,30.0
WV,2015,2,2900.0,4700.0,570.0,12.0,590.0,13.0,0.6,4.6,2.7,8.3,4.4,15.6,12.127659574468083
WV,2015,3,300.0,7000.0,300.0,4.0,270.0,4.0,1.0,3.0,1.5,5.3,1.1,21.7,4.285714285714286
WV,2015,4,190.0,7000.0,610.0,9.0,140.0,2.0,1.3,8.2,3.0,4.5,0.6,18.8,8.714285714285714
WV,2016,1,0.0,8000.0,1700.0,21.0,0.0,0.0,1.1,6.9,0.6,2.9,6.5,21.9,21.25
WV,2016,2,2600.0,7000.0,990.0,14.0,160.0,2.0,4.2,14.7,0.0,0.8,0.7,20.1,14.142857142857142
WV,2016,3,130.0,7500.0,190.0,3.0,220.0,3.0,3.6,8.1,0.1,7.1,0.4,41.5,2.533333333333333
WV,2016,4,80.0,7500.0,1000.0,13.0,60.0,1.0,1.1,4.3,1.1,2.3,2.8,23.8,13.333333333333334
WV,2017,1,450.0,8000.0,800.0,10.0,100.0,1.0,0.2,11.9,0.0,1.0,1.3,15.8,10.0
WV,2017,2,4100.0,7500.0,370.0,5.0,2500.0,33.0,1.8,3.7,0.4,1.6,1.6,11.6,4.933333333333334
WV,2017,3,440.0,9000.0,930.0,10.0,1900.0,21.0,1.4,9.5,0.6,6.2,3.8,23.2,10.333333333333334
WV,2017,4,70.0,8500.0,1200.0,14.0,1600.0,19.0,2.4,7.8,0.1,5.3,3.6,60.1,14.117647058823527
WV,2018,1,330.0,8500.0,2500.0,29.0,60.0,1.0,2.0,20.8,3.4,8.0,4.9,15.0,29.41176470588235
WV,2018,2,2300.0,7000.0,570.0,8.0,550.0,8.0,0.9,13.6,2.9,7.5,7.9,13.8,8.142857142857142
WV,2018,3,170.0,8000.0,520.0,7.0,1200.0,15.0,0.3,6.8,0.3,52.6,2.1,57.0,6.5
WV,2018,4,50.0,7000.0,1200.0,17.0,70.0,1.0,0.6,4.2,7.2,15.2,6.8,29.5,17.142857142857142
WV,2019,1,20.0,7000.0,1300.0,19.0,60.0,1.0,1.1,5.0,0.2,3.2,1.3,10.3,18.571428571428573
WV,2019,3,200.0,10000.0,1100.0,11.0,1100.0,11.0,0.7,6.9,2.7,10.7,0.3,33.7,11.0
WV,2019,4,30.0,8000.0,1500.0,19.0,1600.0,20.0,1.1,6.1,0.4,10.7,2.2,65.8,18.75
WV,2020,1,600.0,8000.0,1100.0,14.0,680.0,9.0,1.3,2.6,0.6,7.0,,17.3,13.75
WV,2020,2,1600.0,7500.0,570.0,8.0,1500.0,20.0,0.7,2.8,0.5,1.8,1.9,46.2,7.6
WV,2020,3,210.0,8000.0,540.0,7.0,800.0,10.0,4.7,1.7,4.7,10.1,2.6,17.7,6.75
WV,2020,4,120.0,7500.0,550.0,7.0,800.0,11.0,,4.5,1.0,4.3,1.1,7.2,7.333333333333333
WV,2021,1,200.0,9000.0,1200.0,13.0,460.0,5.0,0.7,1.2,2.6,3.3,3.1,13.6,13.333333333333334
WV,2021,2,1900.0,9000.0,170.0,2.0,390.0,4.0,1.1,1.0,0.0,3.9,2.2,5.2,1.8888888888888888
WV,2021,3,320.0,8000.0,570.0,7.0,220.0,3.0,10.2,2.8,9.9,15.1,1.2,24.7,7.125
WV,2021,4,10.0,7500.0,560.0,7.0,100.0,1.0,0.6,1.0,1.9,6.3,3.1,13.8,7.466666666666667
WV,2022,1,1000.0,5000.0,1000.0,20.0,200.0,4.0,1.7,6.0,1.2,7.4,0.9,15.8,20.0
WV,2022,2,2400.0,7500.0,260.0,3.0,2600.0,35.0,3.6,1.0,0.0,7.4,0.9,13.1,3.466666666666667
WV,2022,3,520.0,8000.0,360.0,5.0,660.0,8.0,3.8,,3.4,9.2,2.1,14.8,4.5
WV,2022,4,0.0,8000.0,1100.0,14.0,220.0,3.0,0.8,6.4,0.0,3.8,0.5,33.4,13.75
WV,2023,1,40.0,6000.0,600.0,10.0,40.0,1.0,1.0,2.0,1.1,2.8,3.4,14.5,10.0
WV,2023,2,1300.0,6500.0,350.0,5.0,1000.0,15.0,1.8,1.8,0.0,3.2,0.8,31.1,5.384615384615385
WV,2023,3,400.0,8000.0,230.0,3.0,790.0,10.0,0.0,1.7,1.2,6.3,0.0,20.7,2.875
WV,2023,4,2400.0,8000.0,930.0,12.0,230.0,3.0,,1.6,1.1,4.0,1.2,15.0,11.625
WV,2024,1,700.0,6500.0,640.0,10.0,10.0,0.0,,3.9,0.0,2.4,2.0,12.9,9.846153846153848
WV,2024,2,1200.0,7000.0,460.0,7.0,1200.0,17.0,0.5,5.1,1.2,2.4,0.8,13.5,6.571428571428571
WY,2015,1,2000.0,12000.0,2000.0,17.0,1400.0,12.0,0.0,0.7,0.0,0.0,0.0,0.9,16.666666666666668
WY,2015,2,7500.0,25000.0,3200.0,13.0,5000.0,20.0,0.8,8.3,3.6,17.9,2.4,19.1,12.8
WY,2015,3,270.0,35000.0,2500.0,7.0,440.0,1.0,6.4,2.0,3.4,11.0,0.4,28.5,7.142857142857143
WY,2015,4,30.0,25000.0,1300.0,5.0,0.0,0.0,6.6,11.3,10.5,3.3,3.9,45.0,5.2
WY,2016,1,440.0,6500.0,340.0,5.0,0.0,0.0,0.2,0.8,2.5,0.4,1.3,0.0,5.230769230769231
WY,2016,2,7500.0,27000.0,2600.0,10.0,580.0,2.0,1.2,2.5,0.6,2.6,0.8,7.1,9.62962962962963
WY,2016,3,1800.0,40000.0,7000.0,18.0,1000.0,3.0,0.5,3.4,2.6,3.1,0.3,38.6,17.5
WY,2016,4,50.0,27000.0,2200.0,8.0,0.0,0.0,3.1,1.1,5.2,1.6,0.0,32.2,8.148148148148149
WY,2017,1,1300.0,17000.0,3600.0,21.0,0.0,0.0,0.2,0.6,0.0,0.0,,0.2,21.176470588235293
WY,2017,2,6000.0,30000.0,1300.0,4.0,3500.0,12.0,12.6,5.7,2.8,3.5,1.9,34.1,4.333333333333333
WY,2017,3,3100.0,36000.0,5500.0,15.0,3500.0,10.0,9.3,5.6,4.4,1.6,5.2,21.8,15.27777777777778
WY,2017,4,2500.0,29000.0,3500.0,12.0,320.0,1.0,8.4,8.1,5.9,2.4,0.6,38.0,12.06896551724138
WY,2018,1,70.0,9000.0,220.0,2.0,0.0,0.0,0.1,1.9,0.0,0.3,0.9,0.8,2.4444444444444446
WY,2018,2,5500.0,28000.0,2300.0,8.0,2200.0,8.0,2.1,2.7,2.1,0.1,3.7,9.6,8.214285714285714
WY,2018,3,1800.0,34000.0,3900.0,11.0,3900.0,11.0,2.2,3.3,9.0,2.8,4.0,35.4,11.470588235294118
WY,2018,4,220.0,32000.0,2700.0,8.0,0.0,0.0,2.6,1.0,6.8,7.9,1.4,43.9,8.4375
WY,2019,1,0.0,9500.0,250.0,3.0,0.0,0.0,0.1,0.5,0.0,0.0,2.3,0.7,2.6315789473684212
WY,2019,3,2500.0,27000.0,3000.0,11.0,3500.0,13.0,3.3,6.3,2.2,0.4,2.5,45.7,11.11111111111111
WY,2019,4,100.0,28000.0,3300.0,12.0,490.0,2.0,3.2,4.3,0.0,12.3,13.2,27.6,11.785714285714286
WY,2020,1,450.0,17000.0,140.0,1.0,60.0,,0.1,0.8,0.0,,1.7,,0.8235294117647058
WY,2020,2,4400.0,30000.0,2000.0,7.0,2100.0,7.0,0.1,3.5,1.1,,1.2,28.8,6.666666666666667
WY,2020,3,640.0,34000.0,3600.0,11.0,7500.0,22.0,0.7,1.8,5.9,,0.9,13.4,10.588235294117649
WY,2020,4,160.0,25000.0,1600.0,6.0,380.0,2.0,,2.2,2.4,0.0,1.4,19.2,6.4
WY,2021,1,3000.0,14500.0,2200.0,15.0,1200.0,8.0,,3.3,0.0,,7.9,8.4,15.172413793103448
WY,2021,2,7500.0,30000.0,2700.0,9.0,4900.0,16.0,0.0,1.5,6.9,0.9,2.4,8.3,9.0
WY,2021,3,430.0,36000.0,2200.0,6.0,3900.0,11.0,,0.8,0.5,,0.8,4.7,6.111111111111111
WY,2021,4,660.0,22000.0,2400.0,11.0,560.0,3.0,9.3,2.3,0.0,2.3,0.6,14.7,10.909090909090908
WY,2022,1,20.0,8000.0,180.0,2.0,0.0,0.0,0.0,1.2,0.0,0.0,0.8,2.2,2.25
WY,2022,2,4900.0,26000.0,1900.0,7.0,1800.0,7.0,5.1,3.0,0.0,2.5,1.0,12.6,7.3076923076923075
WY,2022,3,1100.0,30000.0,3900.0,13.0,2300.0,8.0,4.9,1.5,4.9,4.4,,14.1,13.0
WY,2022,4,640.0,21000.0,3200.0,15.0,,0.0,4.2,0.0,0.0,5.9,7.4,22.9,15.238095238095235
WY,2023,1,0.0,17000.0,150.0,1.0,0.0,0.0,0.0,1.4,0.0,0.0,,10.4,0.8823529411764706
WY,2023,2,5000.0,19000.0,1400.0,7.0,2200.0,12.0,0.0,2.3,0.0,10.9,2.5,17.2,7.368421052631579
WY,2023,3,1600.0,23000.0,860.0,,2000.0,9.0,0.7,1.1,0.7,1.3,1.9,10.1,3.739130434782609
WY,2023,4,20.0,18500.0,1700.0,,,0.0,0.0,1.5,2.0,0.1,1.6,13.2,9.18918918918919
WY,2024,1,0.0,13000.0,490.0,4.0,10.0,0.0,0.0,20.0,0.0,,0.9,21.0,3.769230769230769
WY,2024,2,7500.0,25000.0,1400.0,6.0,1800.0,7.0,,0.0,,1.3,2.6,2.4,5.6
